#Tensor product hilbert space dimension: 4; Number of simulations: 10;
#Separable DMs were read from: /home/julio/Documents/my_projects/TFM/code/entanglement_2x2/input_data/received_from_DM/pure_states/separable.txt; Entangled DMs were read from: /home/julio/Documents/my_projects/TFM/code/entanglement_2x2/input_data/generated/pure_states/negativity_(0.1, 0.2).txt;
#Architecture of the MLP: [16, 8, 1]; Number of epochs: 2000; Fraction of DMs used for training: 0.8;
#Activation function in the hidden layers: softsign; Activation function in the output layer: sigmoid; Loss function: binary_crossentropy;
#Batch size: 40; Test tolerance: 0.5; DMs were read with redundancy: False;
#Sucess rate averaged over every simulation and over every sample in the test set: 96.89922480620154%
#Sample standard deviation for averaged success rate: 0.11615138377818471%
#Same average success rate for supplementary tests: [0.6712671267126713, 0.9758725872587258, 0.9951395139513951, 0.9952095209520953, 0.9951995199519952]%
#Sample STD for averaged success rate in supplementary tests: [0.0026233378621541574, 0.0004440278578613616, 0.00016100958495769582, 0.00016002437805616028, 0.00016016558661266066]%
#Epoch	Loss	Sample STD
1	0.693663	0.000181
2	0.690847	0.000266
3	0.688640	0.000361
4	0.686144	0.000471
5	0.683304	0.000584
6	0.680251	0.000679
7	0.677134	0.000761
8	0.674188	0.000869
9	0.671500	0.000918
10	0.669172	0.000992
11	0.667112	0.001042
12	0.665243	0.001101
13	0.663491	0.001159
14	0.661692	0.001232
15	0.660154	0.001333
16	0.658515	0.001457
17	0.656826	0.001608
18	0.655146	0.001763
19	0.653322	0.001945
20	0.651613	0.002120
21	0.649817	0.002303
22	0.648070	0.002508
23	0.646360	0.002680
24	0.644358	0.002867
25	0.642594	0.003042
26	0.640873	0.003238
27	0.638909	0.003375
28	0.637045	0.003559
29	0.635192	0.003649
30	0.633298	0.003812
31	0.631362	0.003908
32	0.629535	0.004061
33	0.627647	0.004155
34	0.625765	0.004250
35	0.623785	0.004369
36	0.621771	0.004412
37	0.619774	0.004490
38	0.617709	0.004522
39	0.615677	0.004649
40	0.613428	0.004607
41	0.611375	0.004666
42	0.609203	0.004665
43	0.606955	0.004756
44	0.604696	0.004770
45	0.602157	0.004772
46	0.599734	0.004806
47	0.597192	0.004842
48	0.594690	0.004868
49	0.592177	0.004964
50	0.589426	0.004967
51	0.586852	0.005040
52	0.584081	0.005104
53	0.581101	0.005148
54	0.578226	0.005238
55	0.575352	0.005293
56	0.572382	0.005421
57	0.569383	0.005487
58	0.566340	0.005610
59	0.563086	0.005665
60	0.560072	0.005815
61	0.556870	0.005919
62	0.553605	0.005993
63	0.550264	0.006074
64	0.547071	0.006195
65	0.543612	0.006312
66	0.540492	0.006443
67	0.536998	0.006577
68	0.533530	0.006748
69	0.530164	0.006820
70	0.526603	0.006958
71	0.523444	0.007152
72	0.519879	0.007170
73	0.516340	0.007313
74	0.513118	0.007516
75	0.509480	0.007640
76	0.506270	0.007675
77	0.502671	0.007893
78	0.499348	0.007959
79	0.496005	0.008104
80	0.492482	0.008306
81	0.489194	0.008437
82	0.485825	0.008529
83	0.482286	0.008764
84	0.478976	0.008837
85	0.476023	0.008961
86	0.472673	0.009095
87	0.469442	0.009243
88	0.466212	0.009316
89	0.463084	0.009545
90	0.459977	0.009655
91	0.456746	0.009745
92	0.453875	0.009831
93	0.450676	0.009951
94	0.447852	0.010024
95	0.444688	0.010228
96	0.441721	0.010322
97	0.438964	0.010414
98	0.436119	0.010556
99	0.433439	0.010558
100	0.430841	0.010757
101	0.427531	0.010818
102	0.424965	0.010963
103	0.422391	0.011049
104	0.419660	0.011149
105	0.417016	0.011171
106	0.414432	0.011311
107	0.411668	0.011394
108	0.409236	0.011538
109	0.406698	0.011625
110	0.404098	0.011663
111	0.401797	0.011701
112	0.399346	0.011867
113	0.396877	0.011923
114	0.394790	0.011920
115	0.392255	0.012040
116	0.389926	0.012067
117	0.387216	0.012209
118	0.385160	0.012287
119	0.383041	0.012386
120	0.381038	0.012417
121	0.378779	0.012545
122	0.376582	0.012571
123	0.374221	0.012660
124	0.372246	0.012750
125	0.370018	0.012808
126	0.367994	0.012866
127	0.366125	0.013018
128	0.364076	0.012969
129	0.361850	0.013057
130	0.360029	0.013050
131	0.357977	0.013197
132	0.356226	0.013172
133	0.354371	0.013269
134	0.352288	0.013323
135	0.350699	0.013423
136	0.348653	0.013468
137	0.346718	0.013381
138	0.344915	0.013448
139	0.343239	0.013459
140	0.341365	0.013604
141	0.339816	0.013634
142	0.338077	0.013480
143	0.336043	0.013678
144	0.334415	0.013694
145	0.332786	0.013781
146	0.330974	0.013619
147	0.329387	0.013646
148	0.327713	0.013760
149	0.326294	0.013714
150	0.324319	0.013785
151	0.322870	0.013778
152	0.321221	0.013719
153	0.319757	0.013798
154	0.317778	0.013758
155	0.316452	0.013825
156	0.314813	0.013780
157	0.313653	0.013853
158	0.311943	0.013768
159	0.310357	0.013882
160	0.308820	0.013811
161	0.307569	0.013811
162	0.306170	0.013826
163	0.304563	0.013849
164	0.303248	0.013917
165	0.301600	0.013930
166	0.300268	0.013881
167	0.298813	0.013885
168	0.297257	0.013913
169	0.296377	0.013870
170	0.294882	0.013959
171	0.293867	0.013817
172	0.292354	0.013983
173	0.291203	0.013882
174	0.289461	0.013881
175	0.288347	0.013926
176	0.287444	0.013999
177	0.285922	0.013916
178	0.284701	0.014044
179	0.283405	0.013947
180	0.282384	0.013961
181	0.281127	0.013950
182	0.279935	0.014020
183	0.278689	0.014070
184	0.277479	0.014003
185	0.276598	0.013997
186	0.275065	0.014079
187	0.274086	0.014024
188	0.272850	0.014082
189	0.271329	0.014001
190	0.270734	0.014122
191	0.269832	0.014142
192	0.268845	0.014150
193	0.267380	0.014015
194	0.266041	0.014089
195	0.265296	0.014136
196	0.264072	0.014245
197	0.263070	0.014205
198	0.262122	0.014210
199	0.260980	0.014134
200	0.260013	0.014078
201	0.259037	0.014174
202	0.258179	0.014255
203	0.256698	0.014240
204	0.256203	0.014279
205	0.254961	0.014240
206	0.253892	0.014146
207	0.252940	0.014214
208	0.251847	0.014333
209	0.250857	0.014305
210	0.250323	0.014412
211	0.249348	0.014404
212	0.248481	0.014265
213	0.247322	0.014331
214	0.246347	0.014267
215	0.245462	0.014483
216	0.244670	0.014390
217	0.243737	0.014433
218	0.242859	0.014417
219	0.242023	0.014496
220	0.241028	0.014381
221	0.240373	0.014435
222	0.239538	0.014524
223	0.238711	0.014592
224	0.237933	0.014559
225	0.236986	0.014540
226	0.235887	0.014494
227	0.235648	0.014512
228	0.234454	0.014536
229	0.233519	0.014565
230	0.232953	0.014578
231	0.232159	0.014619
232	0.231465	0.014649
233	0.230771	0.014658
234	0.229881	0.014648
235	0.229304	0.014706
236	0.228411	0.014729
237	0.227655	0.014707
238	0.226649	0.014688
239	0.226347	0.014808
240	0.225116	0.014688
241	0.224757	0.014713
242	0.223665	0.014773
243	0.223363	0.014754
244	0.222887	0.014766
245	0.221894	0.014851
246	0.221381	0.014875
247	0.220637	0.014808
248	0.219842	0.014791
249	0.219163	0.014922
250	0.218443	0.014958
251	0.217862	0.014908
252	0.217207	0.014881
253	0.216400	0.014928
254	0.215771	0.014914
255	0.215234	0.014946
256	0.214599	0.014963
257	0.214162	0.014969
258	0.213627	0.014991
259	0.212677	0.015022
260	0.212378	0.015004
261	0.211595	0.015060
262	0.211134	0.015066
263	0.210182	0.014983
264	0.209671	0.014985
265	0.209053	0.015018
266	0.208709	0.015098
267	0.207749	0.014980
268	0.207358	0.015108
269	0.206900	0.015167
270	0.206024	0.015054
271	0.205608	0.015146
272	0.205190	0.015076
273	0.204340	0.015081
274	0.204021	0.015163
275	0.203530	0.015127
276	0.203006	0.015150
277	0.202104	0.015084
278	0.201558	0.015129
279	0.201329	0.015191
280	0.200521	0.015144
281	0.199815	0.015137
282	0.199601	0.015235
283	0.199128	0.015254
284	0.198730	0.015186
285	0.198123	0.015253
286	0.197513	0.015232
287	0.197047	0.015164
288	0.196556	0.015222
289	0.195882	0.015157
290	0.195734	0.015212
291	0.194960	0.015214
292	0.194346	0.015135
293	0.193945	0.015212
294	0.193742	0.015241
295	0.193048	0.015301
296	0.192627	0.015266
297	0.192006	0.015095
298	0.191292	0.015197
299	0.191139	0.015234
300	0.190603	0.015133
301	0.190041	0.015254
302	0.189423	0.015216
303	0.189318	0.015200
304	0.188540	0.015185
305	0.188546	0.015192
306	0.187802	0.015203
307	0.187550	0.015165
308	0.186856	0.015161
309	0.186218	0.015173
310	0.186114	0.015098
311	0.185569	0.015083
312	0.184891	0.015155
313	0.184895	0.015183
314	0.184122	0.015126
315	0.183557	0.015070
316	0.183540	0.015151
317	0.182883	0.015053
318	0.182329	0.015089
319	0.182037	0.015195
320	0.181671	0.015133
321	0.181298	0.015045
322	0.180916	0.015040
323	0.180377	0.015096
324	0.179950	0.014985
325	0.179292	0.015060
326	0.179526	0.014998
327	0.178640	0.014937
328	0.178077	0.015031
329	0.177845	0.014914
330	0.177481	0.014995
331	0.177049	0.014930
332	0.176887	0.014895
333	0.176393	0.014925
334	0.176067	0.014787
335	0.175502	0.014889
336	0.175456	0.014870
337	0.174994	0.014963
338	0.174633	0.014874
339	0.174024	0.014709
340	0.173733	0.014877
341	0.173346	0.014922
342	0.173104	0.014781
343	0.172538	0.014813
344	0.172212	0.014856
345	0.172106	0.014775
346	0.171452	0.014785
347	0.171055	0.014783
348	0.170203	0.014638
349	0.170592	0.014739
350	0.170275	0.014741
351	0.169679	0.014685
352	0.169290	0.014717
353	0.168901	0.014678
354	0.168653	0.014606
355	0.167898	0.014642
356	0.167753	0.014730
357	0.167571	0.014644
358	0.167235	0.014610
359	0.166998	0.014649
360	0.166771	0.014568
361	0.166467	0.014570
362	0.165582	0.014560
363	0.165568	0.014575
364	0.164769	0.014437
365	0.164955	0.014465
366	0.164459	0.014529
367	0.163977	0.014485
368	0.163585	0.014495
369	0.164151	0.014395
370	0.163329	0.014494
371	0.162859	0.014391
372	0.162734	0.014538
373	0.162215	0.014341
374	0.162013	0.014406
375	0.161681	0.014324
376	0.161584	0.014481
377	0.161151	0.014416
378	0.160867	0.014383
379	0.160729	0.014423
380	0.160252	0.014300
381	0.160035	0.014282
382	0.159602	0.014346
383	0.159478	0.014242
384	0.159111	0.014335
385	0.158671	0.014301
386	0.158220	0.014216
387	0.158507	0.014256
388	0.157887	0.014273
389	0.157439	0.014146
390	0.157469	0.014272
391	0.157234	0.014188
392	0.156502	0.014172
393	0.156494	0.014113
394	0.156216	0.014143
395	0.155830	0.014172
396	0.155925	0.014156
397	0.155576	0.014023
398	0.154891	0.014130
399	0.154748	0.014095
400	0.154636	0.014039
401	0.154342	0.014044
402	0.154077	0.014044
403	0.153692	0.013989
404	0.153605	0.013998
405	0.153320	0.013981
406	0.152908	0.014052
407	0.152556	0.014009
408	0.152511	0.013972
409	0.152150	0.013961
410	0.152397	0.013950
411	0.152111	0.013872
412	0.151376	0.013992
413	0.151038	0.013942
414	0.151070	0.013866
415	0.150858	0.013815
416	0.150784	0.013844
417	0.150449	0.013872
418	0.150092	0.013786
419	0.149782	0.013811
420	0.149904	0.013795
421	0.149139	0.013812
422	0.148834	0.013791
423	0.148857	0.013752
424	0.148598	0.013755
425	0.148357	0.013778
426	0.147981	0.013704
427	0.148042	0.013739
428	0.147145	0.013733
429	0.147136	0.013705
430	0.147292	0.013702
431	0.146637	0.013729
432	0.146658	0.013649
433	0.146629	0.013777
434	0.146368	0.013641
435	0.145921	0.013665
436	0.145636	0.013569
437	0.145292	0.013624
438	0.145353	0.013569
439	0.144928	0.013559
440	0.144784	0.013579
441	0.144443	0.013684
442	0.144243	0.013654
443	0.144538	0.013585
444	0.143789	0.013679
445	0.143522	0.013579
446	0.143758	0.013536
447	0.143251	0.013568
448	0.142977	0.013543
449	0.142800	0.013557
450	0.142933	0.013434
451	0.142423	0.013526
452	0.142127	0.013493
453	0.141965	0.013375
454	0.141648	0.013570
455	0.141471	0.013517
456	0.141630	0.013450
457	0.140974	0.013453
458	0.141232	0.013424
459	0.141031	0.013390
460	0.140520	0.013380
461	0.140207	0.013367
462	0.140215	0.013416
463	0.139973	0.013283
464	0.139359	0.013344
465	0.139522	0.013358
466	0.139404	0.013342
467	0.139205	0.013445
468	0.139389	0.013332
469	0.138671	0.013339
470	0.138517	0.013407
471	0.138353	0.013393
472	0.137780	0.013431
473	0.138072	0.013201
474	0.137599	0.013357
475	0.137453	0.013337
476	0.137663	0.013264
477	0.137148	0.013320
478	0.137240	0.013331
479	0.136440	0.013229
480	0.136720	0.013190
481	0.136162	0.013203
482	0.136041	0.013322
483	0.135957	0.013225
484	0.135631	0.013157
485	0.135559	0.013193
486	0.135430	0.013171
487	0.135284	0.013186
488	0.135403	0.013102
489	0.135035	0.013141
490	0.134553	0.013259
491	0.135064	0.013284
492	0.134208	0.013149
493	0.134034	0.013199
494	0.133791	0.013087
495	0.133618	0.013121
496	0.133620	0.013165
497	0.133661	0.013091
498	0.133274	0.013132
499	0.132692	0.013086
500	0.132900	0.013102
501	0.132682	0.013037
502	0.132637	0.013099
503	0.132222	0.013122
504	0.132135	0.013152
505	0.132062	0.013036
506	0.131736	0.013053
507	0.131760	0.013026
508	0.131717	0.013037
509	0.131422	0.012987
510	0.131488	0.012962
511	0.131147	0.012932
512	0.130916	0.013020
513	0.130716	0.012986
514	0.130481	0.013066
515	0.130514	0.012929
516	0.130183	0.012975
517	0.130311	0.012943
518	0.130029	0.012952
519	0.129698	0.012976
520	0.129375	0.012912
521	0.129194	0.012925
522	0.128963	0.012950
523	0.128793	0.012793
524	0.128956	0.012923
525	0.128677	0.012884
526	0.128443	0.012842
527	0.128230	0.012788
528	0.128053	0.012837
529	0.128376	0.012900
530	0.128171	0.012916
531	0.128166	0.012863
532	0.127903	0.012905
533	0.127815	0.012819
534	0.127646	0.012780
535	0.127462	0.012786
536	0.127385	0.012696
537	0.126913	0.012766
538	0.127167	0.012792
539	0.126561	0.012759
540	0.126380	0.012778
541	0.126446	0.012728
542	0.126346	0.012722
543	0.126278	0.012743
544	0.125863	0.012613
545	0.125974	0.012716
546	0.125615	0.012805
547	0.125726	0.012601
548	0.125310	0.012733
549	0.125181	0.012737
550	0.125312	0.012611
551	0.125005	0.012695
552	0.124608	0.012727
553	0.124536	0.012509
554	0.124438	0.012614
555	0.124129	0.012599
556	0.124045	0.012575
557	0.123987	0.012583
558	0.123790	0.012634
559	0.123481	0.012565
560	0.123821	0.012694
561	0.123544	0.012651
562	0.123673	0.012636
563	0.123501	0.012637
564	0.122993	0.012635
565	0.123118	0.012576
566	0.122585	0.012645
567	0.122795	0.012453
568	0.122702	0.012456
569	0.122167	0.012418
570	0.122259	0.012433
571	0.121790	0.012544
572	0.121572	0.012491
573	0.121233	0.012417
574	0.121561	0.012430
575	0.121772	0.012418
576	0.121388	0.012395
577	0.121043	0.012522
578	0.120946	0.012508
579	0.120847	0.012552
580	0.120961	0.012375
581	0.120691	0.012352
582	0.120271	0.012430
583	0.120233	0.012433
584	0.120002	0.012412
585	0.119464	0.012363
586	0.119703	0.012411
587	0.120182	0.012352
588	0.119398	0.012340
589	0.119575	0.012363
590	0.119177	0.012294
591	0.119464	0.012327
592	0.119258	0.012326
593	0.118931	0.012358
594	0.118724	0.012229
595	0.118290	0.012290
596	0.118984	0.012229
597	0.118489	0.012282
598	0.118389	0.012309
599	0.118385	0.012296
600	0.117921	0.012199
601	0.118012	0.012287
602	0.117722	0.012352
603	0.117682	0.012280
604	0.117551	0.012214
605	0.117283	0.012108
606	0.116850	0.012141
607	0.116858	0.012182
608	0.117262	0.012212
609	0.117078	0.012290
610	0.116917	0.012149
611	0.116248	0.012043
612	0.116341	0.012091
613	0.116630	0.012136
614	0.116105	0.012186
615	0.115776	0.012129
616	0.115930	0.012080
617	0.115928	0.012083
618	0.115714	0.012075
619	0.115720	0.012104
620	0.115227	0.012029
621	0.115460	0.012084
622	0.115133	0.012105
623	0.114844	0.012023
624	0.114950	0.011995
625	0.114673	0.012044
626	0.114408	0.011982
627	0.114603	0.012034
628	0.114374	0.012050
629	0.113623	0.011999
630	0.114095	0.011993
631	0.113920	0.012070
632	0.114039	0.011977
633	0.113562	0.011958
634	0.113688	0.011915
635	0.113469	0.011980
636	0.113024	0.011933
637	0.112855	0.011871
638	0.113048	0.011957
639	0.112737	0.011906
640	0.112765	0.012017
641	0.112677	0.011873
642	0.112515	0.011850
643	0.112624	0.011880
644	0.111869	0.011744
645	0.112173	0.011793
646	0.111941	0.011873
647	0.111493	0.011771
648	0.111947	0.011919
649	0.111484	0.011849
650	0.111339	0.011809
651	0.111193	0.011793
652	0.111132	0.011819
653	0.111002	0.011798
654	0.110676	0.011796
655	0.110640	0.011757
656	0.110731	0.011820
657	0.110305	0.011645
658	0.110572	0.011835
659	0.110226	0.011722
660	0.110322	0.011661
661	0.110189	0.011785
662	0.109938	0.011643
663	0.109645	0.011568
664	0.109683	0.011839
665	0.109390	0.011606
666	0.109419	0.011716
667	0.109212	0.011662
668	0.109214	0.011672
669	0.109413	0.011724
670	0.109221	0.011605
671	0.108409	0.011631
672	0.108664	0.011671
673	0.108259	0.011568
674	0.108411	0.011557
675	0.108235	0.011738
676	0.107600	0.011551
677	0.108513	0.011595
678	0.108063	0.011592
679	0.107916	0.011629
680	0.107798	0.011534
681	0.107241	0.011484
682	0.107411	0.011505
683	0.107267	0.011389
684	0.107231	0.011609
685	0.107114	0.011579
686	0.107041	0.011593
687	0.106858	0.011410
688	0.106817	0.011449
689	0.106773	0.011532
690	0.106404	0.011499
691	0.106079	0.011485
692	0.106025	0.011558
693	0.105892	0.011475
694	0.106082	0.011505
695	0.105775	0.011415
696	0.105370	0.011337
697	0.105552	0.011447
698	0.105401	0.011345
699	0.105506	0.011445
700	0.104873	0.011447
701	0.105188	0.011265
702	0.104531	0.011349
703	0.104326	0.011279
704	0.104851	0.011378
705	0.104413	0.011323
706	0.104149	0.011357
707	0.104732	0.011307
708	0.104290	0.011260
709	0.103998	0.011358
710	0.103789	0.011372
711	0.103600	0.011318
712	0.103776	0.011283
713	0.103711	0.011271
714	0.103561	0.011280
715	0.103645	0.011279
716	0.103882	0.011356
717	0.102915	0.011223
718	0.103236	0.011276
719	0.102866	0.011162
720	0.102676	0.011297
721	0.103060	0.011240
722	0.103197	0.011291
723	0.102392	0.011231
724	0.102541	0.011295
725	0.101963	0.011154
726	0.102152	0.011187
727	0.102133	0.011151
728	0.102044	0.011160
729	0.101846	0.011127
730	0.101648	0.011196
731	0.101599	0.011126
732	0.101496	0.011113
733	0.101450	0.011168
734	0.101711	0.011232
735	0.101258	0.011183
736	0.101420	0.011097
737	0.101074	0.011101
738	0.100492	0.011124
739	0.100863	0.011179
740	0.100425	0.011002
741	0.100313	0.011044
742	0.100308	0.011057
743	0.100285	0.010961
744	0.100665	0.010946
745	0.100322	0.011133
746	0.099948	0.011055
747	0.099971	0.011061
748	0.099743	0.010966
749	0.099635	0.011037
750	0.099707	0.010954
751	0.099708	0.010984
752	0.099555	0.010921
753	0.099788	0.010941
754	0.099397	0.011007
755	0.099258	0.011012
756	0.099171	0.010901
757	0.099169	0.010998
758	0.098712	0.010993
759	0.098534	0.010793
760	0.098860	0.010863
761	0.098340	0.010850
762	0.098526	0.010914
763	0.098351	0.010819
764	0.098427	0.010903
765	0.098200	0.010952
766	0.097912	0.010841
767	0.098208	0.010784
768	0.097713	0.010883
769	0.097938	0.010891
770	0.097947	0.010899
771	0.097618	0.010828
772	0.097889	0.010843
773	0.097333	0.010854
774	0.097762	0.010806
775	0.097204	0.010751
776	0.096958	0.010792
777	0.096632	0.010774
778	0.097242	0.010675
779	0.097032	0.010703
780	0.096947	0.010708
781	0.096830	0.010877
782	0.096483	0.010740
783	0.096558	0.010755
784	0.096174	0.010629
785	0.096149	0.010819
786	0.096184	0.010703
787	0.096509	0.010646
788	0.095866	0.010706
789	0.096367	0.010713
790	0.096230	0.010713
791	0.095816	0.010622
792	0.096139	0.010670
793	0.096001	0.010741
794	0.095114	0.010618
795	0.095877	0.010691
796	0.095438	0.010699
797	0.095378	0.010606
798	0.095578	0.010652
799	0.095099	0.010751
800	0.095013	0.010569
801	0.094893	0.010626
802	0.095297	0.010582
803	0.095134	0.010543
804	0.095061	0.010610
805	0.094751	0.010609
806	0.094506	0.010553
807	0.094408	0.010533
808	0.094833	0.010589
809	0.094266	0.010504
810	0.094511	0.010495
811	0.094394	0.010647
812	0.093970	0.010622
813	0.093866	0.010720
814	0.094210	0.010648
815	0.094054	0.010593
816	0.093749	0.010556
817	0.094113	0.010570
818	0.093473	0.010490
819	0.093750	0.010533
820	0.093649	0.010525
821	0.093335	0.010503
822	0.093976	0.010609
823	0.093486	0.010446
824	0.093457	0.010389
825	0.093465	0.010454
826	0.093308	0.010488
827	0.093141	0.010486
828	0.093233	0.010489
829	0.093346	0.010672
830	0.092878	0.010404
831	0.092743	0.010506
832	0.092633	0.010397
833	0.092489	0.010463
834	0.093059	0.010558
835	0.092465	0.010423
836	0.092541	0.010371
837	0.092349	0.010430
838	0.092343	0.010471
839	0.092056	0.010301
840	0.092199	0.010422
841	0.092001	0.010378
842	0.091621	0.010382
843	0.091959	0.010377
844	0.091804	0.010424
845	0.091615	0.010351
846	0.091418	0.010390
847	0.091421	0.010422
848	0.091750	0.010407
849	0.091586	0.010284
850	0.091619	0.010369
851	0.091291	0.010418
852	0.091218	0.010404
853	0.090914	0.010384
854	0.091184	0.010358
855	0.091175	0.010352
856	0.090788	0.010329
857	0.090950	0.010339
858	0.090684	0.010334
859	0.091159	0.010320
860	0.090842	0.010282
861	0.090976	0.010252
862	0.090608	0.010255
863	0.090381	0.010352
864	0.090389	0.010306
865	0.090386	0.010290
866	0.090200	0.010261
867	0.089977	0.010255
868	0.090157	0.010318
869	0.090163	0.010378
870	0.090027	0.010334
871	0.090054	0.010285
872	0.089956	0.010265
873	0.089879	0.010324
874	0.089890	0.010336
875	0.089605	0.010127
876	0.089766	0.010309
877	0.089709	0.010230
878	0.089571	0.010250
879	0.089505	0.010206
880	0.089572	0.010155
881	0.089197	0.010329
882	0.089631	0.010242
883	0.089148	0.010185
884	0.089121	0.010253
885	0.089217	0.010271
886	0.088755	0.010189
887	0.088911	0.010362
888	0.088660	0.010269
889	0.088375	0.010336
890	0.088507	0.010214
891	0.088918	0.010291
892	0.088710	0.010258
893	0.088757	0.010176
894	0.088733	0.010183
895	0.088328	0.010139
896	0.088318	0.010141
897	0.088469	0.010324
898	0.087894	0.010137
899	0.087944	0.010190
900	0.088439	0.010142
901	0.088322	0.010240
902	0.087895	0.010213
903	0.087536	0.010134
904	0.087685	0.010078
905	0.087680	0.010167
906	0.087689	0.010095
907	0.087447	0.010156
908	0.087345	0.010238
909	0.087492	0.010206
910	0.087258	0.010046
911	0.087487	0.010228
912	0.086955	0.010179
913	0.087628	0.010129
914	0.086897	0.010134
915	0.086878	0.010188
916	0.086965	0.010072
917	0.086767	0.010274
918	0.087103	0.010101
919	0.086569	0.010169
920	0.086636	0.010168
921	0.086845	0.010006
922	0.086624	0.010054
923	0.086531	0.009975
924	0.086531	0.009940
925	0.086584	0.010103
926	0.086571	0.010111
927	0.086061	0.010152
928	0.086033	0.010107
929	0.085943	0.010098
930	0.086383	0.010133
931	0.085862	0.010189
932	0.086088	0.010072
933	0.086396	0.010094
934	0.085739	0.010047
935	0.085845	0.010090
936	0.086035	0.010149
937	0.085703	0.009949
938	0.085572	0.009988
939	0.085536	0.010009
940	0.085456	0.009951
941	0.085515	0.010060
942	0.085325	0.010014
943	0.085577	0.009962
944	0.084840	0.010071
945	0.085126	0.010047
946	0.085185	0.010093
947	0.085122	0.010026
948	0.085037	0.009904
949	0.085110	0.009986
950	0.084880	0.009989
951	0.085027	0.010107
952	0.084636	0.010037
953	0.084962	0.010043
954	0.084950	0.009910
955	0.084710	0.010035
956	0.084335	0.010007
957	0.084575	0.010034
958	0.084543	0.010124
959	0.084550	0.009893
960	0.084232	0.009988
961	0.084568	0.010002
962	0.084010	0.009846
963	0.084478	0.009850
964	0.083858	0.009836
965	0.083795	0.010070
966	0.084687	0.010051
967	0.083942	0.009884
968	0.084165	0.009985
969	0.084025	0.009791
970	0.083890	0.009913
971	0.083579	0.009832
972	0.083951	0.009936
973	0.083576	0.009905
974	0.083703	0.009959
975	0.083747	0.009925
976	0.083409	0.009994
977	0.083851	0.009946
978	0.083533	0.009765
979	0.083284	0.009878
980	0.083359	0.009924
981	0.083450	0.009718
982	0.083527	0.009824
983	0.083579	0.009809
984	0.082887	0.009871
985	0.083027	0.009776
986	0.083141	0.009850
987	0.083174	0.009897
988	0.082860	0.009963
989	0.082627	0.009759
990	0.082959	0.009845
991	0.082576	0.009791
992	0.082704	0.009740
993	0.082816	0.009788
994	0.082943	0.009888
995	0.082654	0.009800
996	0.082880	0.009821
997	0.082080	0.009807
998	0.082518	0.009829
999	0.082561	0.009749
1000	0.082098	0.009738
1001	0.082190	0.009841
1002	0.082337	0.009763
1003	0.082133	0.009834
1004	0.082091	0.009758
1005	0.082374	0.009688
1006	0.081897	0.009730
1007	0.081967	0.009772
1008	0.082325	0.009807
1009	0.081723	0.009821
1010	0.081529	0.009941
1011	0.081985	0.009855
1012	0.081872	0.009843
1013	0.081578	0.009749
1014	0.081839	0.009769
1015	0.081480	0.009781
1016	0.082018	0.009799
1017	0.081244	0.009707
1018	0.081526	0.009871
1019	0.081554	0.009674
1020	0.081478	0.009756
1021	0.081739	0.009794
1022	0.081573	0.009861
1023	0.081119	0.009688
1024	0.081319	0.009740
1025	0.081407	0.009726
1026	0.081251	0.009627
1027	0.081141	0.009580
1028	0.081125	0.009686
1029	0.081230	0.009730
1030	0.080985	0.009745
1031	0.081150	0.009741
1032	0.080981	0.009636
1033	0.081175	0.009672
1034	0.081012	0.009637
1035	0.080671	0.009634
1036	0.080706	0.009681
1037	0.080879	0.009622
1038	0.080906	0.009583
1039	0.080750	0.009597
1040	0.080551	0.009634
1041	0.080197	0.009579
1042	0.080664	0.009632
1043	0.080762	0.009580
1044	0.080371	0.009733
1045	0.080288	0.009667
1046	0.080255	0.009532
1047	0.080440	0.009626
1048	0.080231	0.009574
1049	0.080071	0.009642
1050	0.080158	0.009602
1051	0.080587	0.009739
1052	0.080174	0.009733
1053	0.080047	0.009527
1054	0.079921	0.009628
1055	0.079985	0.009613
1056	0.079751	0.009587
1057	0.079849	0.009640
1058	0.079773	0.009532
1059	0.079534	0.009469
1060	0.079901	0.009577
1061	0.080002	0.009614
1062	0.079623	0.009629
1063	0.079535	0.009545
1064	0.079799	0.009494
1065	0.079695	0.009578
1066	0.079234	0.009567
1067	0.079713	0.009511
1068	0.079455	0.009634
1069	0.079689	0.009456
1070	0.079322	0.009547
1071	0.079703	0.009555
1072	0.079183	0.009499
1073	0.079151	0.009513
1074	0.079322	0.009675
1075	0.079370	0.009585
1076	0.079053	0.009492
1077	0.079297	0.009504
1078	0.079051	0.009489
1079	0.079428	0.009562
1080	0.078906	0.009526
1081	0.078876	0.009341
1082	0.078783	0.009548
1083	0.078919	0.009461
1084	0.078577	0.009437
1085	0.079132	0.009446
1086	0.079131	0.009459
1087	0.078857	0.009468
1088	0.078824	0.009461
1089	0.078852	0.009496
1090	0.078894	0.009485
1091	0.078577	0.009450
1092	0.078751	0.009523
1093	0.078437	0.009544
1094	0.078454	0.009511
1095	0.078420	0.009437
1096	0.078317	0.009417
1097	0.078619	0.009443
1098	0.078152	0.009450
1099	0.078364	0.009372
1100	0.078569	0.009402
1101	0.078215	0.009430
1102	0.077913	0.009382
1103	0.078295	0.009525
1104	0.078104	0.009396
1105	0.077626	0.009342
1106	0.077987	0.009361
1107	0.078225	0.009430
1108	0.077769	0.009309
1109	0.077740	0.009165
1110	0.078233	0.009333
1111	0.077507	0.009416
1112	0.077602	0.009473
1113	0.077546	0.009302
1114	0.077788	0.009455
1115	0.078052	0.009413
1116	0.077552	0.009240
1117	0.078069	0.009358
1118	0.077873	0.009244
1119	0.077521	0.009404
1120	0.077790	0.009372
1121	0.077399	0.009324
1122	0.077313	0.009241
1123	0.077373	0.009305
1124	0.077448	0.009208
1125	0.077113	0.009256
1126	0.077142	0.009200
1127	0.077424	0.009387
1128	0.077322	0.009224
1129	0.077238	0.009381
1130	0.077159	0.009316
1131	0.077306	0.009325
1132	0.077150	0.009363
1133	0.076946	0.009382
1134	0.076716	0.009309
1135	0.077344	0.009301
1136	0.076505	0.009187
1137	0.076735	0.009260
1138	0.076673	0.009211
1139	0.076865	0.009105
1140	0.076902	0.009242
1141	0.076392	0.009165
1142	0.076682	0.009173
1143	0.076425	0.009168
1144	0.076756	0.009318
1145	0.077003	0.009249
1146	0.076614	0.009307
1147	0.076569	0.009232
1148	0.076371	0.009153
1149	0.076220	0.009163
1150	0.076144	0.009239
1151	0.076912	0.009185
1152	0.076853	0.009227
1153	0.076463	0.009324
1154	0.076309	0.009134
1155	0.076082	0.009198
1156	0.076562	0.009107
1157	0.076406	0.009169
1158	0.076253	0.009183
1159	0.076228	0.009137
1160	0.076326	0.009221
1161	0.076155	0.009224
1162	0.075851	0.009118
1163	0.076127	0.009103
1164	0.076246	0.009112
1165	0.076145	0.009152
1166	0.075867	0.009277
1167	0.075730	0.009196
1168	0.075812	0.009170
1169	0.075835	0.009111
1170	0.075604	0.009101
1171	0.075811	0.009107
1172	0.075616	0.009202
1173	0.075749	0.008985
1174	0.075498	0.009283
1175	0.075724	0.009251
1176	0.075597	0.009151
1177	0.075299	0.009178
1178	0.075371	0.009171
1179	0.075148	0.009088
1180	0.075382	0.009128
1181	0.075675	0.009212
1182	0.075610	0.009073
1183	0.075390	0.009220
1184	0.075774	0.009235
1185	0.074942	0.008920
1186	0.074943	0.009165
1187	0.074838	0.008931
1188	0.075062	0.009024
1189	0.075402	0.009039
1190	0.075030	0.009095
1191	0.075122	0.008912
1192	0.075299	0.009169
1193	0.075008	0.009013
1194	0.074801	0.009036
1195	0.074964	0.009117
1196	0.074632	0.009025
1197	0.074949	0.009072
1198	0.075226	0.009012
1199	0.074703	0.009059
1200	0.074984	0.008975
1201	0.074826	0.009070
1202	0.074347	0.009049
1203	0.074936	0.009039
1204	0.074503	0.009108
1205	0.074396	0.009042
1206	0.074208	0.009015
1207	0.074653	0.008925
1208	0.074098	0.009013
1209	0.074499	0.009114
1210	0.074655	0.009058
1211	0.074681	0.008985
1212	0.074782	0.009176
1213	0.074338	0.009014
1214	0.074331	0.008925
1215	0.074411	0.008910
1216	0.074162	0.009012
1217	0.073880	0.008929
1218	0.074454	0.008965
1219	0.073932	0.009000
1220	0.074553	0.008972
1221	0.074029	0.008891
1222	0.074188	0.008906
1223	0.074401	0.008961
1224	0.074203	0.009002
1225	0.073746	0.008982
1226	0.074251	0.008914
1227	0.074064	0.008979
1228	0.074115	0.009039
1229	0.073850	0.008824
1230	0.073561	0.009049
1231	0.073713	0.008895
1232	0.073898	0.008859
1233	0.073981	0.008979
1234	0.073694	0.009019
1235	0.073883	0.008948
1236	0.074052	0.009029
1237	0.073736	0.009011
1238	0.073813	0.008997
1239	0.073492	0.008907
1240	0.073812	0.009000
1241	0.073223	0.008906
1242	0.073506	0.008885
1243	0.073396	0.008884
1244	0.073112	0.008864
1245	0.073386	0.008852
1246	0.073547	0.008919
1247	0.073324	0.008830
1248	0.073253	0.008838
1249	0.073284	0.008949
1250	0.073348	0.008847
1251	0.073282	0.008971
1252	0.073224	0.008794
1253	0.073144	0.008858
1254	0.073064	0.008893
1255	0.073736	0.008901
1256	0.072743	0.008717
1257	0.072889	0.008843
1258	0.073344	0.009008
1259	0.073337	0.008866
1260	0.073177	0.009045
1261	0.072774	0.008979
1262	0.072989	0.008953
1263	0.072817	0.008912
1264	0.072924	0.008850
1265	0.073164	0.008765
1266	0.073094	0.008990
1267	0.072639	0.008723
1268	0.072643	0.008787
1269	0.072929	0.008832
1270	0.072336	0.008896
1271	0.072503	0.008846
1272	0.072970	0.008851
1273	0.072940	0.008759
1274	0.072829	0.008693
1275	0.073004	0.008951
1276	0.072717	0.008904
1277	0.072741	0.008887
1278	0.072718	0.008768
1279	0.072277	0.009026
1280	0.072700	0.008729
1281	0.072518	0.008901
1282	0.072171	0.008727
1283	0.072032	0.008702
1284	0.072634	0.008858
1285	0.071784	0.008667
1286	0.072275	0.008776
1287	0.072316	0.008859
1288	0.072516	0.008874
1289	0.072095	0.008860
1290	0.071852	0.008716
1291	0.071974	0.008739
1292	0.072008	0.008758
1293	0.072144	0.008849
1294	0.072156	0.008708
1295	0.071615	0.008858
1296	0.072029	0.008722
1297	0.072436	0.008818
1298	0.071974	0.008805
1299	0.071996	0.008695
1300	0.071990	0.008726
1301	0.071830	0.008774
1302	0.071890	0.008754
1303	0.072352	0.008912
1304	0.072015	0.008816
1305	0.072263	0.008771
1306	0.071752	0.008789
1307	0.072206	0.008884
1308	0.071600	0.008653
1309	0.071256	0.008701
1310	0.071645	0.008787
1311	0.071403	0.008769
1312	0.071455	0.008713
1313	0.072137	0.008742
1314	0.071622	0.008709
1315	0.071551	0.008741
1316	0.071520	0.008660
1317	0.071676	0.008612
1318	0.071286	0.008722
1319	0.071534	0.008779
1320	0.071590	0.008602
1321	0.071495	0.008665
1322	0.071810	0.008656
1323	0.071708	0.008733
1324	0.071400	0.008569
1325	0.071635	0.008770
1326	0.071395	0.008603
1327	0.071611	0.008766
1328	0.071674	0.008598
1329	0.070931	0.008771
1330	0.071123	0.008570
1331	0.071794	0.008767
1332	0.070953	0.008742
1333	0.071338	0.008828
1334	0.071120	0.008730
1335	0.071058	0.008768
1336	0.071093	0.008620
1337	0.071194	0.008738
1338	0.071367	0.008768
1339	0.070981	0.008568
1340	0.070626	0.008658
1341	0.071130	0.008651
1342	0.070976	0.008572
1343	0.070921	0.008568
1344	0.070941	0.008764
1345	0.070651	0.008691
1346	0.071187	0.008655
1347	0.070850	0.008655
1348	0.071021	0.008649
1349	0.071148	0.008722
1350	0.071117	0.008589
1351	0.070269	0.008719
1352	0.070914	0.008693
1353	0.070801	0.008684
1354	0.070965	0.008698
1355	0.070667	0.008605
1356	0.070389	0.008766
1357	0.070114	0.008607
1358	0.070606	0.008668
1359	0.070505	0.008558
1360	0.070496	0.008547
1361	0.070390	0.008647
1362	0.070459	0.008658
1363	0.070617	0.008662
1364	0.070351	0.008800
1365	0.070889	0.008641
1366	0.070490	0.008732
1367	0.070581	0.008734
1368	0.069973	0.008629
1369	0.070613	0.008648
1370	0.070484	0.008707
1371	0.070618	0.008601
1372	0.070615	0.008658
1373	0.070711	0.008601
1374	0.070460	0.008740
1375	0.070572	0.008739
1376	0.069983	0.008569
1377	0.070526	0.008710
1378	0.070559	0.008519
1379	0.070599	0.008566
1380	0.069937	0.008592
1381	0.070520	0.008461
1382	0.069971	0.008556
1383	0.070396	0.008775
1384	0.070150	0.008619
1385	0.070365	0.008471
1386	0.070263	0.008484
1387	0.070498	0.008577
1388	0.070056	0.008583
1389	0.070302	0.008482
1390	0.070219	0.008625
1391	0.069947	0.008588
1392	0.069968	0.008547
1393	0.069472	0.008532
1394	0.069889	0.008482
1395	0.069750	0.008540
1396	0.069645	0.008469
1397	0.070211	0.008550
1398	0.069817	0.008620
1399	0.070018	0.008627
1400	0.069388	0.008403
1401	0.070027	0.008488
1402	0.070012	0.008545
1403	0.069512	0.008372
1404	0.070005	0.008470
1405	0.070016	0.008695
1406	0.069761	0.008518
1407	0.069828	0.008500
1408	0.069511	0.008477
1409	0.070197	0.008541
1410	0.069835	0.008564
1411	0.069546	0.008398
1412	0.069751	0.008436
1413	0.069746	0.008482
1414	0.069268	0.008651
1415	0.070015	0.008599
1416	0.069577	0.008531
1417	0.069878	0.008800
1418	0.069555	0.008452
1419	0.069727	0.008539
1420	0.069714	0.008537
1421	0.069640	0.008550
1422	0.069589	0.008461
1423	0.069573	0.008506
1424	0.069474	0.008431
1425	0.069941	0.008573
1426	0.069450	0.008488
1427	0.069322	0.008482
1428	0.069457	0.008588
1429	0.069370	0.008644
1430	0.069501	0.008470
1431	0.069254	0.008558
1432	0.069512	0.008478
1433	0.069290	0.008434
1434	0.069220	0.008618
1435	0.069159	0.008602
1436	0.069175	0.008568
1437	0.069302	0.008650
1438	0.069103	0.008514
1439	0.069089	0.008474
1440	0.069249	0.008440
1441	0.069275	0.008601
1442	0.069452	0.008453
1443	0.069104	0.008422
1444	0.068969	0.008430
1445	0.069138	0.008507
1446	0.069209	0.008487
1447	0.069282	0.008496
1448	0.069003	0.008409
1449	0.069089	0.008469
1450	0.069126	0.008438
1451	0.069391	0.008574
1452	0.069172	0.008525
1453	0.069075	0.008369
1454	0.068751	0.008470
1455	0.069224	0.008529
1456	0.068853	0.008432
1457	0.068768	0.008330
1458	0.068195	0.008337
1459	0.068944	0.008515
1460	0.069391	0.008424
1461	0.068943	0.008601
1462	0.068976	0.008426
1463	0.069106	0.008393
1464	0.068859	0.008345
1465	0.068837	0.008333
1466	0.068628	0.008391
1467	0.069052	0.008346
1468	0.068940	0.008293
1469	0.068758	0.008380
1470	0.069013	0.008343
1471	0.068851	0.008417
1472	0.069015	0.008513
1473	0.068394	0.008261
1474	0.068416	0.008451
1475	0.069071	0.008461
1476	0.069206	0.008379
1477	0.068894	0.008486
1478	0.068729	0.008455
1479	0.068685	0.008549
1480	0.068706	0.008426
1481	0.068920	0.008376
1482	0.068788	0.008308
1483	0.068658	0.008390
1484	0.068363	0.008344
1485	0.068710	0.008467
1486	0.068373	0.008304
1487	0.069308	0.008198
1488	0.068778	0.008426
1489	0.068092	0.008330
1490	0.068630	0.008463
1491	0.068704	0.008340
1492	0.068607	0.008261
1493	0.068263	0.008453
1494	0.069189	0.008322
1495	0.068633	0.008384
1496	0.068758	0.008312
1497	0.068435	0.008314
1498	0.068592	0.008409
1499	0.068470	0.008267
1500	0.068428	0.008229
1501	0.068705	0.008297
1502	0.068306	0.008294
1503	0.068382	0.008218
1504	0.068202	0.008259
1505	0.068718	0.008341
1506	0.068560	0.008252
1507	0.068677	0.008281
1508	0.068445	0.008372
1509	0.068402	0.008413
1510	0.068136	0.008259
1511	0.068001	0.008293
1512	0.068195	0.008296
1513	0.068225	0.008221
1514	0.068513	0.008410
1515	0.068132	0.008436
1516	0.068569	0.008362
1517	0.068063	0.008225
1518	0.067916	0.008111
1519	0.068647	0.008326
1520	0.068396	0.008291
1521	0.068419	0.008282
1522	0.068160	0.008246
1523	0.068542	0.008256
1524	0.068039	0.008061
1525	0.068596	0.008100
1526	0.068211	0.008251
1527	0.068845	0.008279
1528	0.068362	0.008213
1529	0.068131	0.008288
1530	0.068612	0.008240
1531	0.068454	0.008356
1532	0.068133	0.008210
1533	0.068370	0.008488
1534	0.067799	0.008118
1535	0.068151	0.008294
1536	0.067992	0.008240
1537	0.067625	0.008205
1538	0.068634	0.008247
1539	0.068037	0.008072
1540	0.068462	0.008274
1541	0.067856	0.008296
1542	0.068100	0.008206
1543	0.067495	0.008112
1544	0.068439	0.008386
1545	0.067741	0.008175
1546	0.068125	0.008118
1547	0.067501	0.008085
1548	0.067989	0.008224
1549	0.068699	0.008287
1550	0.068115	0.008035
1551	0.068276	0.008291
1552	0.067853	0.008202
1553	0.067518	0.008086
1554	0.067658	0.008118
1555	0.067418	0.008073
1556	0.068425	0.008135
1557	0.068086	0.008097
1558	0.068370	0.008206
1559	0.067513	0.008184
1560	0.067650	0.008146
1561	0.067718	0.008215
1562	0.067680	0.008070
1563	0.067892	0.008038
1564	0.067591	0.008141
1565	0.067909	0.008119
1566	0.067939	0.008170
1567	0.067554	0.008305
1568	0.068114	0.008155
1569	0.067432	0.008270
1570	0.068005	0.008113
1571	0.067613	0.008168
1572	0.067943	0.008246
1573	0.067783	0.008154
1574	0.067564	0.008121
1575	0.067888	0.007972
1576	0.067665	0.008158
1577	0.067585	0.008097
1578	0.067541	0.008172
1579	0.067574	0.008078
1580	0.067471	0.008137
1581	0.067358	0.008162
1582	0.067889	0.008084
1583	0.067670	0.007961
1584	0.067448	0.008066
1585	0.067467	0.008092
1586	0.067348	0.008145
1587	0.067104	0.008084
1588	0.067305	0.008183
1589	0.067544	0.008065
1590	0.067756	0.007936
1591	0.067494	0.008035
1592	0.067572	0.007976
1593	0.067184	0.008019
1594	0.067107	0.008004
1595	0.067245	0.008088
1596	0.067215	0.007957
1597	0.067189	0.007917
1598	0.068130	0.008065
1599	0.067676	0.008033
1600	0.066901	0.007918
1601	0.067234	0.007984
1602	0.067198	0.007969
1603	0.067210	0.007925
1604	0.067283	0.007950
1605	0.067315	0.007954
1606	0.066956	0.007992
1607	0.067736	0.008018
1608	0.067025	0.007887
1609	0.067011	0.007985
1610	0.067129	0.008192
1611	0.067333	0.008114
1612	0.067206	0.007878
1613	0.067389	0.008135
1614	0.067241	0.008091
1615	0.067290	0.007851
1616	0.067141	0.008050
1617	0.067146	0.008011
1618	0.066821	0.007946
1619	0.066883	0.008015
1620	0.066807	0.007961
1621	0.067246	0.007938
1622	0.066768	0.007853
1623	0.066953	0.007969
1624	0.066874	0.008014
1625	0.066915	0.007917
1626	0.066882	0.007895
1627	0.067040	0.007982
1628	0.067126	0.007752
1629	0.066961	0.008006
1630	0.066629	0.007903
1631	0.066733	0.007801
1632	0.066565	0.007934
1633	0.066961	0.007910
1634	0.067049	0.007957
1635	0.066750	0.007852
1636	0.066996	0.007901
1637	0.066886	0.007868
1638	0.066422	0.007863
1639	0.066661	0.008048
1640	0.066977	0.007898
1641	0.066685	0.007896
1642	0.066826	0.007852
1643	0.066701	0.007828
1644	0.066392	0.007869
1645	0.066493	0.007895
1646	0.067028	0.007843
1647	0.067174	0.008018
1648	0.067303	0.007977
1649	0.066573	0.007884
1650	0.066585	0.007914
1651	0.066794	0.007937
1652	0.066338	0.007854
1653	0.066579	0.007988
1654	0.066593	0.007726
1655	0.066343	0.007872
1656	0.066605	0.007759
1657	0.066857	0.007924
1658	0.066642	0.007851
1659	0.066435	0.007810
1660	0.066569	0.007821
1661	0.066725	0.007898
1662	0.066539	0.007785
1663	0.066759	0.007658
1664	0.067132	0.007859
1665	0.066360	0.007847
1666	0.066395	0.007765
1667	0.066241	0.007833
1668	0.066766	0.007973
1669	0.066644	0.007821
1670	0.066538	0.008033
1671	0.066610	0.007739
1672	0.067332	0.007833
1673	0.066855	0.007707
1674	0.066584	0.007879
1675	0.066309	0.007855
1676	0.066281	0.007688
1677	0.065976	0.007825
1678	0.066224	0.007790
1679	0.065990	0.007826
1680	0.066676	0.007770
1681	0.066471	0.007812
1682	0.066332	0.007574
1683	0.066390	0.007697
1684	0.066837	0.007705
1685	0.065633	0.007724
1686	0.066092	0.007807
1687	0.066485	0.007716
1688	0.066628	0.007841
1689	0.065948	0.007725
1690	0.066254	0.007824
1691	0.066248	0.007729
1692	0.065829	0.007716
1693	0.066221	0.007818
1694	0.065996	0.007720
1695	0.066626	0.007885
1696	0.066225	0.007647
1697	0.065787	0.007694
1698	0.065879	0.007769
1699	0.066186	0.007732
1700	0.066593	0.007695
1701	0.066375	0.007889
1702	0.066319	0.007688
1703	0.065932	0.007782
1704	0.066069	0.007766
1705	0.066118	0.007890
1706	0.066373	0.007786
1707	0.065780	0.007601
1708	0.066236	0.007708
1709	0.065994	0.007768
1710	0.065977	0.007672
1711	0.065594	0.007728
1712	0.066109	0.007593
1713	0.066005	0.007653
1714	0.065984	0.007735
1715	0.066589	0.007712
1716	0.065536	0.007763
1717	0.066450	0.007599
1718	0.065708	0.007551
1719	0.065928	0.007799
1720	0.066066	0.007553
1721	0.066161	0.007674
1722	0.066308	0.007593
1723	0.065865	0.007521
1724	0.066345	0.007548
1725	0.065603	0.007459
1726	0.066133	0.007717
1727	0.065772	0.007690
1728	0.065670	0.007617
1729	0.065517	0.007527
1730	0.066105	0.007488
1731	0.065949	0.007659
1732	0.065844	0.007586
1733	0.065921	0.007600
1734	0.065208	0.007534
1735	0.065777	0.007691
1736	0.065705	0.007641
1737	0.065660	0.007490
1738	0.065834	0.007559
1739	0.065825	0.007628
1740	0.065523	0.007579
1741	0.065900	0.007564
1742	0.065384	0.007652
1743	0.065910	0.007601
1744	0.065822	0.007615
1745	0.066064	0.007572
1746	0.065847	0.007641
1747	0.065865	0.007697
1748	0.065336	0.007491
1749	0.065604	0.007508
1750	0.065405	0.007583
1751	0.065325	0.007612
1752	0.065573	0.007717
1753	0.065407	0.007654
1754	0.065261	0.007623
1755	0.065487	0.007661
1756	0.065481	0.007530
1757	0.065377	0.007726
1758	0.065500	0.007669
1759	0.065493	0.007817
1760	0.064921	0.007778
1761	0.065361	0.007586
1762	0.065470	0.007565
1763	0.065292	0.007511
1764	0.065048	0.007681
1765	0.065291	0.007522
1766	0.065242	0.007390
1767	0.065012	0.007429
1768	0.065596	0.007652
1769	0.065407	0.007506
1770	0.065677	0.007623
1771	0.064932	0.007553
1772	0.064821	0.007536
1773	0.064690	0.007532
1774	0.064948	0.007564
1775	0.064876	0.007518
1776	0.064893	0.007685
1777	0.065512	0.007595
1778	0.065110	0.007527
1779	0.065130	0.007462
1780	0.064613	0.007566
1781	0.065166	0.007590
1782	0.065013	0.007583
1783	0.064764	0.007450
1784	0.065331	0.007490
1785	0.065364	0.007559
1786	0.064862	0.007587
1787	0.065126	0.007622
1788	0.064872	0.007347
1789	0.064573	0.007589
1790	0.065093	0.007612
1791	0.065097	0.007486
1792	0.065007	0.007479
1793	0.065472	0.007492
1794	0.065049	0.007487
1795	0.064440	0.007367
1796	0.064606	0.007580
1797	0.065096	0.007425
1798	0.065080	0.007534
1799	0.064924	0.007546
1800	0.064640	0.007564
1801	0.064220	0.007597
1802	0.064887	0.007457
1803	0.064670	0.007565
1804	0.064272	0.007626
1805	0.064648	0.007396
1806	0.064798	0.007503
1807	0.065048	0.007467
1808	0.065200	0.007686
1809	0.064837	0.007513
1810	0.064651	0.007521
1811	0.064474	0.007458
1812	0.064805	0.007505
1813	0.064620	0.007390
1814	0.064626	0.007648
1815	0.064710	0.007491
1816	0.064920	0.007570
1817	0.064819	0.007457
1818	0.064550	0.007531
1819	0.064688	0.007461
1820	0.064542	0.007560
1821	0.064281	0.007497
1822	0.064506	0.007602
1823	0.064520	0.007495
1824	0.064590	0.007531
1825	0.064432	0.007379
1826	0.064581	0.007391
1827	0.064363	0.007518
1828	0.064601	0.007440
1829	0.064711	0.007546
1830	0.064312	0.007412
1831	0.064298	0.007483
1832	0.064535	0.007481
1833	0.064415	0.007525
1834	0.064215	0.007491
1835	0.064537	0.007544
1836	0.063558	0.007563
1837	0.064541	0.007548
1838	0.063951	0.007385
1839	0.064222	0.007443
1840	0.064628	0.007380
1841	0.064112	0.007314
1842	0.064672	0.007215
1843	0.064421	0.007543
1844	0.064233	0.007467
1845	0.064043	0.007397
1846	0.064061	0.007453
1847	0.063805	0.007436
1848	0.064388	0.007446
1849	0.064288	0.007441
1850	0.064235	0.007347
1851	0.064347	0.007320
1852	0.064181	0.007509
1853	0.064650	0.007411
1854	0.063652	0.007416
1855	0.063903	0.007416
1856	0.063838	0.007511
1857	0.063866	0.007351
1858	0.064094	0.007404
1859	0.064004	0.007475
1860	0.063985	0.007390
1861	0.063932	0.007473
1862	0.064035	0.007315
1863	0.064040	0.007320
1864	0.063657	0.007484
1865	0.063664	0.007525
1866	0.063850	0.007425
1867	0.064075	0.007468
1868	0.063455	0.007347
1869	0.064111	0.007452
1870	0.063872	0.007551
1871	0.063550	0.007493
1872	0.063612	0.007396
1873	0.063883	0.007375
1874	0.063984	0.007400
1875	0.063851	0.007527
1876	0.063556	0.007416
1877	0.063514	0.007340
1878	0.063596	0.007203
1879	0.063349	0.007350
1880	0.064379	0.007423
1881	0.063931	0.007173
1882	0.063679	0.007428
1883	0.064112	0.007366
1884	0.063755	0.007519
1885	0.063735	0.007348
1886	0.063408	0.007385
1887	0.063694	0.007281
1888	0.063886	0.007349
1889	0.063546	0.007277
1890	0.062876	0.007319
1891	0.063847	0.007491
1892	0.063664	0.007319
1893	0.063873	0.007396
1894	0.063384	0.007402
1895	0.063640	0.007292
1896	0.064077	0.007204
1897	0.062925	0.007372
1898	0.063299	0.007358
1899	0.063340	0.007296
1900	0.064014	0.007404
1901	0.063496	0.007219
1902	0.063172	0.007271
1903	0.063268	0.007281
1904	0.063897	0.007414
1905	0.063175	0.007364
1906	0.063686	0.007389
1907	0.063300	0.007435
1908	0.063416	0.007311
1909	0.063334	0.007421
1910	0.062833	0.007240
1911	0.063254	0.007473
1912	0.063310	0.007279
1913	0.063473	0.007502
1914	0.064208	0.007471
1915	0.063301	0.007311
1916	0.063246	0.007461
1917	0.063243	0.007302
1918	0.063288	0.007377
1919	0.063757	0.007438
1920	0.063221	0.007165
1921	0.063117	0.007301
1922	0.063015	0.007347
1923	0.063068	0.007487
1924	0.062724	0.007140
1925	0.063092	0.007279
1926	0.063200	0.007431
1927	0.062516	0.007307
1928	0.062710	0.007251
1929	0.063319	0.007338
1930	0.062850	0.007416
1931	0.062908	0.007273
1932	0.063354	0.007452
1933	0.063277	0.007289
1934	0.063448	0.007280
1935	0.063192	0.007495
1936	0.062749	0.007327
1937	0.062660	0.007546
1938	0.062864	0.007392
1939	0.062609	0.007374
1940	0.062818	0.007345
1941	0.062981	0.007319
1942	0.062697	0.007217
1943	0.062897	0.007325
1944	0.062954	0.007347
1945	0.063084	0.007212
1946	0.063141	0.007460
1947	0.062025	0.007270
1948	0.062750	0.007317
1949	0.062297	0.007317
1950	0.062863	0.007357
1951	0.062735	0.007395
1952	0.062332	0.007215
1953	0.062605	0.007232
1954	0.062707	0.007443
1955	0.062368	0.007313
1956	0.063028	0.007341
1957	0.062718	0.007430
1958	0.062688	0.007250
1959	0.062824	0.007373
1960	0.062393	0.007268
1961	0.062577	0.007352
1962	0.062714	0.007418
1963	0.062606	0.007212
1964	0.063049	0.007270
1965	0.062884	0.007347
1966	0.063373	0.007352
1967	0.062830	0.007185
1968	0.062668	0.007355
1969	0.062788	0.007353
1970	0.062995	0.007202
1971	0.062822	0.007334
1972	0.063054	0.007163
1973	0.062360	0.007316
1974	0.062878	0.007294
1975	0.062824	0.007353
1976	0.063368	0.007352
1977	0.063096	0.007363
1978	0.062636	0.007348
1979	0.062912	0.007330
1980	0.062349	0.007306
1981	0.062372	0.007310
1982	0.063068	0.007294
1983	0.062917	0.007174
1984	0.062573	0.007223
1985	0.063106	0.007282
1986	0.062691	0.007389
1987	0.062721	0.007343
1988	0.062999	0.007365
1989	0.062587	0.007368
1990	0.062533	0.007242
1991	0.062264	0.007259
1992	0.062910	0.007271
1993	0.062652	0.007389
1994	0.062538	0.007232
1995	0.062785	0.007186
1996	0.062955	0.007275
1997	0.062366	0.007300
1998	0.062424	0.007277
1999	0.062559	0.007337
2000	0.062619	0.007380
