#Tensor product hilbert space dimension: 4; Number of simulations: 2;
#Separable DMs were read from: /home/julio/Documents/my_projects/TFM/code/entanglement_2x2_merge/input_data/received_from_DM/pure_states/separable.txt; Entangled DMs were read from: /home/julio/Documents/my_projects/TFM/code/entanglement_2x2_merge/input_data/generated/pure_states/negativity_(0.0, 0.1).txt;
#Architecture of the MLP: [32, 16, 8, 1]; Number of epochs: 1000; Fraction of DMs used for training: 0.8;
#Activation function in the hidden layers: sigmoid; Activation function in the output layer: sigmoid; Loss function: binary_crossentropy;
#Batch size: 40; Test tolerance: 0.5; DMs were read with redundancy: False;
#Sucess rate averaged over every simulation and over every sample in the test set: 59.5125%
#Sample standard deviation for averaged success rate: 0.3891065390810919%
#Same average success rate for supplementary tests: [0.6181618161816181, 0.659015901590159, 0.6876437643764376, 0.7029202920292029, 0.7113961396139614]%
#Sample STD for averaged success rate in supplementary tests: [0.0016976464547833554, 0.0015358950949761914, 0.0014382741228135135, 0.0013762311569853417, 0.0013352366903873257]%
#Epoch	Loss	Sample STD
1	0.693554	0.000046
2	0.693450	0.000005
3	0.693482	0.000078
4	0.693430	0.000121
5	0.693397	0.000010
6	0.693419	0.000057
7	0.693469	0.000018
8	0.693308	0.000029
9	0.693307	0.000003
10	0.693297	0.000012
11	0.693349	0.000030
12	0.693291	0.000097
13	0.693209	0.000132
14	0.693262	0.000012
15	0.693136	0.000061
16	0.693245	0.000012
17	0.693004	0.000046
18	0.693140	0.000023
19	0.693014	0.000032
20	0.693116	0.000031
21	0.693021	0.000078
22	0.692805	0.000107
23	0.693016	0.000096
24	0.693074	0.000076
25	0.692861	0.000016
26	0.693062	0.000024
27	0.693020	0.000103
28	0.693020	0.000050
29	0.693018	0.000002
30	0.692869	0.000104
31	0.693019	0.000083
32	0.692955	0.000065
33	0.693010	0.000045
34	0.692903	0.000095
35	0.692933	0.000009
36	0.692940	0.000123
37	0.692957	0.000094
38	0.692939	0.000024
39	0.692963	0.000082
40	0.692887	0.000087
41	0.692896	0.000115
42	0.693027	0.000073
43	0.692875	0.000126
44	0.692868	0.000069
45	0.692834	0.000050
46	0.692878	0.000121
47	0.692843	0.000143
48	0.692995	0.000061
49	0.692846	0.000056
50	0.692945	0.000024
51	0.692729	0.000167
52	0.692773	0.000091
53	0.692942	0.000099
54	0.692832	0.000108
55	0.692905	0.000008
56	0.692868	0.000036
57	0.692819	0.000070
58	0.692915	0.000080
59	0.692860	0.000019
60	0.692906	0.000009
61	0.692947	0.000049
62	0.692835	0.000004
63	0.692876	0.000074
64	0.692856	0.000105
65	0.692829	0.000002
66	0.692681	0.000166
67	0.692905	0.000042
68	0.692902	0.000070
69	0.692792	0.000013
70	0.692783	0.000054
71	0.692845	0.000129
72	0.692865	0.000119
73	0.692858	0.000094
74	0.692829	0.000124
75	0.692736	0.000108
76	0.692876	0.000051
77	0.692642	0.000008
78	0.692780	0.000066
79	0.692685	0.000062
80	0.692803	0.000131
81	0.692761	0.000140
82	0.692726	0.000170
83	0.692762	0.000141
84	0.692640	0.000116
85	0.692647	0.000014
86	0.692671	0.000167
87	0.692615	0.000193
88	0.692630	0.000161
89	0.692661	0.000120
90	0.692610	0.000070
91	0.692607	0.000135
92	0.692650	0.000070
93	0.692493	0.000062
94	0.692476	0.000256
95	0.692441	0.000127
96	0.692561	0.000196
97	0.692414	0.000087
98	0.692475	0.000149
99	0.692444	0.000112
100	0.692335	0.000255
101	0.692384	0.000225
102	0.692318	0.000180
103	0.692360	0.000188
104	0.692263	0.000214
105	0.692283	0.000245
106	0.692230	0.000189
107	0.692101	0.000186
108	0.692208	0.000268
109	0.692007	0.000132
110	0.692035	0.000263
111	0.691942	0.000261
112	0.691935	0.000319
113	0.691906	0.000257
114	0.691780	0.000346
115	0.691747	0.000299
116	0.691678	0.000313
117	0.691554	0.000368
118	0.691490	0.000346
119	0.691356	0.000364
120	0.691293	0.000371
121	0.691130	0.000319
122	0.691100	0.000450
123	0.690985	0.000400
124	0.690807	0.000432
125	0.690724	0.000418
126	0.690484	0.000588
127	0.690511	0.000547
128	0.690289	0.000529
129	0.690180	0.000464
130	0.690149	0.000523
131	0.689930	0.000450
132	0.689902	0.000414
133	0.689578	0.000590
134	0.689607	0.000405
135	0.689432	0.000422
136	0.689331	0.000259
137	0.689263	0.000400
138	0.689125	0.000356
139	0.689025	0.000306
140	0.689029	0.000130
141	0.688853	0.000125
142	0.688899	0.000260
143	0.688886	0.000068
144	0.688877	0.000104
145	0.688707	0.000170
146	0.688553	0.000033
147	0.688661	0.000126
148	0.688635	0.000027
149	0.688516	0.000014
150	0.688535	0.000005
151	0.688468	0.000037
152	0.688420	0.000015
153	0.688378	0.000173
154	0.688479	0.000014
155	0.688402	0.000022
156	0.688501	0.000027
157	0.688387	0.000084
158	0.688294	0.000003
159	0.688366	0.000036
160	0.688354	0.000008
161	0.688206	0.000001
162	0.688216	0.000104
163	0.688178	0.000030
164	0.688167	0.000017
165	0.688141	0.000017
166	0.688185	0.000043
167	0.688098	0.000005
168	0.688040	0.000037
169	0.688006	0.000110
170	0.688110	0.000022
171	0.688019	0.000089
172	0.687924	0.000062
173	0.687927	0.000029
174	0.687888	0.000005
175	0.687944	0.000025
176	0.687940	0.000089
177	0.687760	0.000082
178	0.687803	0.000054
179	0.687816	0.000123
180	0.687850	0.000012
181	0.687823	0.000024
182	0.687748	0.000021
183	0.687774	0.000091
184	0.687777	0.000054
185	0.687629	0.000015
186	0.687645	0.000052
187	0.687536	0.000001
188	0.687542	0.000059
189	0.687463	0.000056
190	0.687425	0.000148
191	0.687524	0.000094
192	0.687370	0.000112
193	0.687330	0.000013
194	0.687304	0.000042
195	0.687300	0.000216
196	0.687023	0.000086
197	0.687240	0.000061
198	0.687250	0.000005
199	0.687229	0.000044
200	0.687105	0.000113
201	0.687090	0.000001
202	0.687125	0.000010
203	0.687003	0.000025
204	0.686994	0.000056
205	0.686847	0.000113
206	0.686914	0.000006
207	0.686887	0.000114
208	0.686645	0.000288
209	0.686554	0.000104
210	0.686640	0.000140
211	0.686559	0.000115
212	0.686429	0.000159
213	0.686413	0.000171
214	0.686335	0.000161
215	0.686288	0.000081
216	0.686134	0.000218
217	0.686163	0.000235
218	0.685893	0.000129
219	0.685919	0.000208
220	0.685845	0.000289
221	0.685658	0.000260
222	0.685556	0.000377
223	0.685551	0.000386
224	0.685095	0.000416
225	0.685227	0.000591
226	0.684989	0.000500
227	0.684927	0.000645
228	0.684639	0.000570
229	0.684466	0.000607
230	0.684489	0.000764
231	0.684238	0.000756
232	0.684144	0.000944
233	0.683944	0.000906
234	0.683773	0.001065
235	0.683563	0.001090
236	0.683473	0.001051
237	0.683230	0.001078
238	0.683115	0.001270
239	0.682855	0.001270
240	0.682662	0.001278
241	0.682324	0.001000
242	0.682288	0.001420
243	0.682137	0.001366
244	0.681991	0.001299
245	0.681867	0.001402
246	0.681685	0.001313
247	0.681497	0.001418
248	0.681321	0.001287
249	0.681200	0.001375
250	0.681019	0.001372
251	0.680631	0.001473
252	0.680429	0.001379
253	0.680523	0.001368
254	0.680302	0.001348
255	0.680117	0.001168
256	0.679974	0.001212
257	0.679822	0.001279
258	0.679765	0.001253
259	0.679602	0.001146
260	0.679484	0.001183
261	0.679288	0.001193
262	0.679147	0.001144
263	0.679020	0.001111
264	0.678925	0.001167
265	0.678670	0.000940
266	0.678678	0.001132
267	0.678386	0.001039
268	0.678305	0.001028
269	0.678224	0.001042
270	0.677975	0.000940
271	0.677984	0.000932
272	0.677842	0.001021
273	0.677617	0.000892
274	0.677425	0.000951
275	0.677481	0.000843
276	0.677462	0.000693
277	0.677314	0.000798
278	0.677241	0.000599
279	0.676959	0.000585
280	0.676851	0.000402
281	0.676669	0.000721
282	0.676575	0.000601
283	0.676649	0.000452
284	0.676638	0.000350
285	0.676461	0.000411
286	0.676311	0.000383
287	0.676228	0.000263
288	0.676334	0.000206
289	0.676036	0.000186
290	0.675895	0.000414
291	0.675907	0.000125
292	0.675868	0.000299
293	0.675750	0.000015
294	0.675708	0.000132
295	0.675688	0.000104
296	0.675615	0.000018
297	0.675531	0.000056
298	0.675319	0.000041
299	0.675507	0.000095
300	0.675406	0.000061
301	0.675232	0.000011
302	0.675324	0.000071
303	0.675127	0.000168
304	0.675206	0.000269
305	0.675128	0.000202
306	0.674968	0.000096
307	0.675114	0.000187
308	0.674921	0.000075
309	0.674906	0.000302
310	0.674880	0.000151
311	0.674701	0.000286
312	0.674508	0.000049
313	0.674753	0.000231
314	0.674631	0.000250
315	0.674688	0.000269
316	0.674564	0.000412
317	0.674618	0.000398
318	0.674416	0.000379
319	0.674416	0.000463
320	0.674396	0.000549
321	0.674444	0.000545
322	0.674326	0.000543
323	0.674326	0.000522
324	0.674258	0.000649
325	0.673968	0.000651
326	0.674202	0.000515
327	0.673999	0.000514
328	0.674093	0.000777
329	0.673809	0.000836
330	0.673882	0.000793
331	0.673888	0.000717
332	0.673844	0.000734
333	0.673914	0.000724
334	0.673778	0.000808
335	0.673668	0.000826
336	0.673647	0.000916
337	0.673496	0.000869
338	0.673670	0.000750
339	0.673422	0.000798
340	0.673152	0.001094
341	0.673590	0.000770
342	0.673335	0.000862
343	0.673344	0.000977
344	0.673174	0.000964
345	0.673101	0.001136
346	0.673037	0.001038
347	0.673089	0.001104
348	0.673016	0.001242
349	0.672946	0.001052
350	0.673007	0.001313
351	0.672703	0.000878
352	0.672767	0.001168
353	0.672785	0.001161
354	0.672787	0.001272
355	0.672686	0.001163
356	0.672564	0.001317
357	0.672420	0.001316
358	0.672361	0.001167
359	0.672423	0.001493
360	0.672195	0.001544
361	0.672195	0.001572
362	0.672218	0.001486
363	0.672031	0.001439
364	0.672062	0.001580
365	0.671776	0.001582
366	0.671753	0.001577
367	0.671707	0.001526
368	0.671860	0.001639
369	0.671624	0.001831
370	0.671580	0.001613
371	0.671548	0.001603
372	0.671540	0.001678
373	0.671396	0.001726
374	0.671266	0.001805
375	0.671213	0.001913
376	0.671166	0.001823
377	0.671061	0.001875
378	0.671019	0.001996
379	0.670828	0.002061
380	0.670724	0.001909
381	0.670690	0.001992
382	0.670713	0.002070
383	0.670547	0.002119
384	0.670312	0.002234
385	0.670443	0.002354
386	0.670273	0.002191
387	0.670187	0.002371
388	0.669945	0.002333
389	0.669873	0.002335
390	0.669954	0.002527
391	0.669727	0.002531
392	0.669754	0.002700
393	0.669509	0.002436
394	0.669471	0.002657
395	0.669378	0.002501
396	0.669263	0.002470
397	0.669094	0.002699
398	0.669241	0.002779
399	0.668736	0.002999
400	0.668798	0.002918
401	0.668765	0.002925
402	0.668587	0.003043
403	0.668151	0.003143
404	0.668204	0.003128
405	0.667946	0.003270
406	0.668018	0.003268
407	0.667809	0.003273
408	0.667672	0.003327
409	0.667517	0.003543
410	0.667519	0.003664
411	0.667382	0.003434
412	0.666960	0.003453
413	0.667004	0.003877
414	0.666926	0.003635
415	0.666881	0.003702
416	0.666623	0.003604
417	0.666794	0.003734
418	0.666561	0.003839
419	0.666414	0.003823
420	0.666190	0.003904
421	0.666214	0.003876
422	0.666038	0.003663
423	0.666074	0.003873
424	0.665886	0.003772
425	0.665908	0.003821
426	0.665557	0.003918
427	0.665546	0.004046
428	0.665446	0.003773
429	0.665495	0.003997
430	0.665303	0.004111
431	0.665252	0.003891
432	0.665315	0.003986
433	0.665143	0.003847
434	0.665212	0.003917
435	0.665119	0.003931
436	0.664773	0.004034
437	0.664989	0.004013
438	0.664686	0.003925
439	0.664705	0.004143
440	0.664603	0.003922
441	0.664551	0.003859
442	0.664461	0.003767
443	0.664312	0.004111
444	0.664250	0.003894
445	0.664262	0.003846
446	0.663910	0.004021
447	0.663941	0.003844
448	0.663938	0.004025
449	0.663838	0.003764
450	0.663932	0.003815
451	0.663584	0.003893
452	0.663822	0.003867
453	0.663670	0.003938
454	0.663512	0.003862
455	0.663487	0.003806
456	0.663244	0.003936
457	0.663346	0.003628
458	0.663296	0.003863
459	0.663247	0.003814
460	0.663242	0.003571
461	0.663034	0.003808
462	0.663040	0.003829
463	0.662932	0.003670
464	0.662858	0.003852
465	0.662693	0.003886
466	0.662821	0.003830
467	0.662842	0.003875
468	0.662655	0.003768
469	0.662397	0.003823
470	0.662623	0.003578
471	0.662264	0.003813
472	0.662502	0.003725
473	0.662289	0.003804
474	0.662306	0.003822
475	0.662103	0.003733
476	0.662084	0.003629
477	0.661940	0.003880
478	0.662069	0.003641
479	0.661944	0.003705
480	0.661768	0.003866
481	0.661821	0.003758
482	0.661827	0.003780
483	0.661622	0.003717
484	0.661671	0.003607
485	0.661544	0.003607
486	0.661613	0.003494
487	0.661397	0.003529
488	0.661366	0.003712
489	0.661268	0.003485
490	0.661341	0.003573
491	0.661248	0.003757
492	0.661113	0.003699
493	0.660886	0.003767
494	0.660900	0.003589
495	0.660982	0.003667
496	0.660870	0.003525
497	0.660674	0.003318
498	0.660730	0.003624
499	0.660865	0.003456
500	0.660508	0.003651
501	0.660801	0.003466
502	0.660638	0.003540
503	0.660490	0.003452
504	0.660422	0.003543
505	0.660451	0.003465
506	0.660141	0.003653
507	0.660330	0.003450
508	0.660282	0.003497
509	0.660270	0.003381
510	0.660251	0.003355
511	0.660205	0.003490
512	0.660099	0.003275
513	0.660036	0.003467
514	0.659493	0.003423
515	0.659684	0.003471
516	0.659978	0.003236
517	0.659619	0.003256
518	0.659719	0.003257
519	0.659395	0.003411
520	0.659491	0.003219
521	0.659565	0.003282
522	0.659502	0.003286
523	0.659469	0.003288
524	0.659326	0.003389
525	0.659004	0.003551
526	0.659058	0.003219
527	0.659160	0.003154
528	0.659034	0.002980
529	0.659021	0.003180
530	0.658767	0.003185
531	0.658665	0.003301
532	0.658913	0.003172
533	0.658689	0.003184
534	0.658730	0.002974
535	0.658594	0.003056
536	0.658558	0.003119
537	0.658705	0.003107
538	0.658117	0.003117
539	0.658499	0.003115
540	0.658308	0.003133
541	0.658174	0.002802
542	0.658283	0.003032
543	0.658059	0.002993
544	0.658027	0.003115
545	0.658063	0.002882
546	0.657968	0.003125
547	0.658090	0.002994
548	0.657824	0.003134
549	0.657925	0.002937
550	0.657735	0.003132
551	0.657764	0.003035
552	0.657875	0.003099
553	0.657501	0.003072
554	0.657564	0.002953
555	0.657617	0.002916
556	0.657396	0.002845
557	0.657630	0.003091
558	0.657367	0.002966
559	0.657226	0.002824
560	0.657303	0.002862
561	0.657187	0.003011
562	0.657126	0.003173
563	0.657178	0.003103
564	0.657129	0.002931
565	0.657025	0.002763
566	0.657044	0.003081
567	0.656832	0.003060
568	0.656853	0.003107
569	0.656766	0.003182
570	0.656810	0.002812
571	0.656812	0.003135
572	0.656610	0.003105
573	0.656781	0.002930
574	0.656690	0.003072
575	0.656573	0.003071
576	0.656549	0.003038
577	0.656436	0.003084
578	0.656721	0.003066
579	0.656331	0.002986
580	0.656238	0.003137
581	0.656279	0.003274
582	0.656322	0.003034
583	0.656076	0.003241
584	0.656250	0.003062
585	0.656226	0.003160
586	0.656240	0.003143
587	0.656010	0.003168
588	0.656146	0.003092
589	0.655966	0.003086
590	0.655986	0.003123
591	0.655930	0.003449
592	0.656006	0.003275
593	0.655833	0.003209
594	0.655683	0.003377
595	0.655865	0.003059
596	0.655692	0.003239
597	0.655761	0.003233
598	0.655538	0.003189
599	0.655576	0.003147
600	0.655740	0.003181
601	0.655620	0.003129
602	0.655373	0.003242
603	0.655318	0.003361
604	0.655528	0.003178
605	0.655476	0.003370
606	0.655259	0.003184
607	0.655246	0.003356
608	0.655495	0.002986
609	0.655307	0.003260
610	0.655087	0.003237
611	0.654892	0.003420
612	0.655003	0.003514
613	0.655193	0.003152
614	0.654773	0.003242
615	0.654934	0.003340
616	0.654877	0.003281
617	0.654909	0.003491
618	0.654532	0.003183
619	0.654668	0.003410
620	0.654613	0.003253
621	0.654481	0.003297
622	0.654482	0.003559
623	0.654142	0.003278
624	0.654270	0.003448
625	0.654120	0.003277
626	0.654226	0.003566
627	0.654448	0.003446
628	0.654442	0.003386
629	0.654383	0.003460
630	0.654191	0.003386
631	0.654204	0.003586
632	0.654060	0.003268
633	0.653929	0.003346
634	0.654031	0.003538
635	0.653790	0.003731
636	0.653962	0.003416
637	0.654005	0.003542
638	0.653748	0.003292
639	0.653677	0.003590
640	0.653857	0.003476
641	0.653809	0.003567
642	0.653567	0.003681
643	0.653644	0.003614
644	0.653455	0.003211
645	0.653385	0.003646
646	0.653389	0.003471
647	0.653435	0.003704
648	0.653335	0.003462
649	0.653362	0.003483
650	0.653221	0.003648
651	0.653184	0.003492
652	0.653119	0.003464
653	0.653156	0.003331
654	0.652935	0.003884
655	0.653081	0.003643
656	0.652831	0.003564
657	0.653111	0.003420
658	0.652568	0.003559
659	0.652687	0.003459
660	0.652964	0.003512
661	0.652605	0.003787
662	0.652619	0.003469
663	0.652648	0.003481
664	0.652392	0.003274
665	0.652389	0.003407
666	0.652391	0.003561
667	0.652357	0.003505
668	0.652265	0.003264
669	0.652174	0.003674
670	0.652143	0.003491
671	0.652252	0.003370
672	0.652093	0.003666
673	0.651883	0.003609
674	0.652136	0.003385
675	0.651800	0.003770
676	0.652069	0.003481
677	0.651756	0.003538
678	0.651724	0.003429
679	0.651429	0.003604
680	0.651672	0.003460
681	0.651510	0.003533
682	0.651352	0.003436
683	0.651265	0.003379
684	0.651260	0.003522
685	0.651493	0.003582
686	0.651040	0.003480
687	0.651094	0.003373
688	0.651167	0.003948
689	0.651203	0.003397
690	0.651197	0.003515
691	0.651101	0.003451
692	0.650780	0.003360
693	0.650911	0.003215
694	0.650837	0.003355
695	0.650823	0.003261
696	0.650717	0.003749
697	0.650899	0.003442
698	0.650723	0.003494
699	0.650555	0.003389
700	0.650609	0.003182
701	0.650506	0.003143
702	0.650441	0.003495
703	0.650029	0.003380
704	0.650425	0.003379
705	0.650242	0.003310
706	0.650100	0.003203
707	0.650193	0.003316
708	0.649923	0.003518
709	0.649982	0.003459
710	0.650029	0.003460
711	0.650010	0.003486
712	0.649813	0.003065
713	0.649678	0.003401
714	0.649541	0.003691
715	0.649678	0.003362
716	0.649672	0.003239
717	0.649625	0.003319
718	0.649437	0.003381
719	0.649249	0.003230
720	0.649478	0.003129
721	0.649188	0.003174
722	0.649308	0.003332
723	0.649106	0.003011
724	0.649002	0.003467
725	0.648956	0.003401
726	0.648902	0.003376
727	0.648672	0.003421
728	0.648885	0.002891
729	0.648778	0.003118
730	0.648409	0.003270
731	0.648429	0.002960
732	0.648145	0.003461
733	0.648108	0.003344
734	0.648244	0.003090
735	0.648246	0.003320
736	0.648328	0.003035
737	0.648245	0.003153
738	0.648062	0.003272
739	0.647987	0.003249
740	0.648125	0.003325
741	0.648095	0.003022
742	0.647772	0.003412
743	0.647593	0.003181
744	0.647806	0.003160
745	0.647514	0.003136
746	0.647775	0.002880
747	0.647223	0.003307
748	0.647366	0.003064
749	0.647511	0.002993
750	0.647212	0.003253
751	0.646962	0.002932
752	0.647068	0.003006
753	0.647050	0.003105
754	0.647074	0.002994
755	0.646726	0.003107
756	0.646801	0.003045
757	0.646734	0.003152
758	0.646694	0.003022
759	0.646760	0.003022
760	0.646423	0.003104
761	0.646646	0.002976
762	0.646438	0.002768
763	0.646213	0.002924
764	0.646376	0.002945
765	0.646006	0.002891
766	0.646035	0.002842
767	0.646000	0.003040
768	0.645902	0.002979
769	0.645799	0.002954
770	0.645884	0.002896
771	0.645693	0.002590
772	0.645554	0.003072
773	0.645810	0.002888
774	0.645735	0.002899
775	0.645229	0.002831
776	0.645286	0.002823
777	0.645327	0.002709
778	0.645450	0.003006
779	0.645194	0.002914
780	0.645041	0.002995
781	0.644922	0.003120
782	0.645039	0.002852
783	0.645000	0.002697
784	0.644924	0.002866
785	0.644766	0.002607
786	0.644640	0.002832
787	0.644864	0.002941
788	0.644597	0.002661
789	0.644493	0.002878
790	0.644186	0.002555
791	0.644511	0.003072
792	0.644566	0.002531
793	0.644419	0.002788
794	0.644191	0.002726
795	0.644069	0.002989
796	0.644117	0.003134
797	0.643669	0.002750
798	0.643746	0.002704
799	0.643646	0.002457
800	0.643857	0.002957
801	0.643603	0.002854
802	0.643255	0.002877
803	0.643263	0.003065
804	0.643322	0.002685
805	0.643270	0.003071
806	0.643347	0.002742
807	0.642898	0.002884
808	0.642967	0.002491
809	0.642887	0.002931
810	0.642838	0.002811
811	0.642669	0.002566
812	0.642600	0.002850
813	0.642539	0.002679
814	0.642634	0.002947
815	0.642348	0.002677
816	0.642452	0.002935
817	0.642119	0.002718
818	0.642293	0.002789
819	0.641947	0.002448
820	0.642226	0.002858
821	0.642092	0.002579
822	0.642131	0.002749
823	0.641973	0.002734
824	0.641710	0.002470
825	0.641743	0.002774
826	0.641644	0.003052
827	0.641373	0.002772
828	0.641208	0.002547
829	0.641507	0.002501
830	0.641198	0.002902
831	0.641187	0.002520
832	0.641327	0.002531
833	0.641221	0.002620
834	0.641101	0.002735
835	0.641135	0.002777
836	0.640736	0.002604
837	0.640771	0.002475
838	0.640710	0.002665
839	0.640728	0.002486
840	0.640610	0.002813
841	0.640316	0.002581
842	0.640440	0.002376
843	0.640252	0.002376
844	0.640119	0.002580
845	0.639899	0.002638
846	0.639780	0.002588
847	0.639866	0.002676
848	0.640026	0.002520
849	0.639622	0.002610
850	0.639701	0.002509
851	0.639641	0.002394
852	0.639124	0.002629
853	0.639178	0.002799
854	0.639330	0.002791
855	0.639218	0.002662
856	0.639220	0.002656
857	0.638671	0.002545
858	0.638933	0.002514
859	0.638887	0.002767
860	0.638908	0.002615
861	0.638857	0.002513
862	0.638700	0.002547
863	0.638529	0.002457
864	0.638300	0.002568
865	0.638091	0.002286
866	0.638179	0.002668
867	0.638008	0.002245
868	0.638227	0.002530
869	0.637990	0.002492
870	0.637718	0.002448
871	0.637722	0.002782
872	0.637972	0.002416
873	0.637880	0.002370
874	0.637341	0.002357
875	0.637758	0.002640
876	0.637510	0.002214
877	0.637151	0.002691
878	0.637031	0.002606
879	0.636973	0.002587
880	0.637020	0.002784
881	0.636873	0.002176
882	0.636902	0.002654
883	0.636808	0.002600
884	0.636628	0.002791
885	0.636453	0.002331
886	0.636265	0.002503
887	0.636415	0.002416
888	0.636307	0.002513
889	0.636097	0.002642
890	0.636258	0.002842
891	0.636040	0.002805
892	0.636007	0.002548
893	0.635649	0.002801
894	0.635480	0.002175
895	0.635467	0.002391
896	0.635499	0.002365
897	0.635224	0.002543
898	0.634970	0.002582
899	0.635040	0.002503
900	0.635156	0.002670
901	0.635281	0.002077
902	0.635097	0.002628
903	0.634666	0.002621
904	0.634710	0.002590
905	0.634404	0.002300
906	0.634401	0.002464
907	0.634372	0.002743
908	0.634173	0.002321
909	0.633554	0.002195
910	0.633843	0.002488
911	0.634223	0.002643
912	0.633761	0.002863
913	0.633476	0.002619
914	0.633628	0.002330
915	0.633601	0.002610
916	0.633420	0.002814
917	0.633147	0.002286
918	0.633352	0.002433
919	0.633096	0.002547
920	0.632858	0.002782
921	0.632871	0.002219
922	0.632721	0.002896
923	0.632326	0.002601
924	0.632916	0.002443
925	0.632357	0.002565
926	0.632315	0.002989
927	0.632126	0.002553
928	0.632037	0.002733
929	0.632073	0.002579
930	0.631994	0.002188
931	0.631543	0.002348
932	0.631546	0.002627
933	0.631161	0.002538
934	0.631092	0.002903
935	0.631056	0.002343
936	0.631056	0.002732
937	0.631060	0.002459
938	0.630801	0.002610
939	0.630548	0.002426
940	0.630638	0.002453
941	0.630457	0.002809
942	0.630101	0.002519
943	0.630449	0.002616
944	0.630116	0.002656
945	0.630088	0.002884
946	0.629433	0.002430
947	0.629653	0.002773
948	0.629795	0.002487
949	0.629629	0.002606
950	0.629471	0.002463
951	0.629116	0.002720
952	0.628850	0.002489
953	0.628812	0.002799
954	0.628647	0.002797
955	0.628647	0.002735
956	0.628616	0.002766
957	0.628040	0.002371
958	0.628374	0.002684
959	0.627787	0.002810
960	0.627987	0.002825
961	0.627948	0.002985
962	0.627417	0.002895
963	0.626768	0.002720
964	0.627263	0.002886
965	0.627082	0.002862
966	0.626956	0.002907
967	0.626768	0.002522
968	0.626451	0.002740
969	0.626255	0.002594
970	0.626170	0.003155
971	0.626308	0.002701
972	0.626084	0.002949
973	0.625971	0.002662
974	0.625638	0.002947
975	0.625430	0.003167
976	0.625371	0.002872
977	0.625073	0.003421
978	0.624735	0.002933
979	0.624945	0.003021
980	0.624578	0.003111
981	0.624406	0.002913
982	0.624459	0.002732
983	0.624145	0.003123
984	0.623586	0.002939
985	0.623579	0.003200
986	0.623805	0.003240
987	0.623525	0.003318
988	0.623194	0.003048
989	0.622955	0.003391
990	0.622866	0.003461
991	0.622562	0.003080
992	0.622535	0.003520
993	0.622419	0.003437
994	0.622308	0.003360
995	0.622043	0.003247
996	0.621882	0.003200
997	0.621689	0.003233
998	0.621272	0.003254
999	0.621272	0.003460
1000	0.620992	0.003595
