#Tensor product hilbert space dimension: 4; Number of simulations: 10;
#Separable DMs were read from: /home/julio/Documents/my_projects/TFM/code/entanglement_2x2_merge/input_data/received_from_DM/pure_states/separable.txt; Entangled DMs were read from: /home/julio/Documents/my_projects/TFM/code/entanglement_2x2_merge/input_data/generated/pure_states/negativity_(0.1, 0.2).txt;
#Architecture of the MLP: [16, 8, 1]; Number of epochs: 2000; Fraction of DMs used for training: 0.8;
#Activation function in the hidden layers: sigmoid; Activation function in the output layer: sigmoid; Loss function: binary_crossentropy;
#Batch size: 40; Test tolerance: 0.49; DMs were read with redundancy: False;
#Sucess rate averaged over every simulation and over every sample in the test set: 97.9175%
#Sample standard deviation for averaged success rate: 0.0914305662101021%
#Same average success rate for supplementary tests: [0.6614411441144115, 0.9840584058405841, 0.995129512951295, 0.9951495149514952, 0.9951545154515451]%
#Sample STD for averaged success rate in supplementary tests: [0.0027064752158361357, 0.00035400510183353895, 0.0001663417266982897, 0.00016607008446595313, 0.0001660020856226486]%
#Epoch	Loss	Sample STD
1	0.696450	0.002401
2	0.693251	0.000031
3	0.693242	0.000044
4	0.693211	0.000021
5	0.693145	0.000019
6	0.693100	0.000023
7	0.693086	0.000023
8	0.693048	0.000032
9	0.692963	0.000033
10	0.692965	0.000029
11	0.692947	0.000022
12	0.692933	0.000025
13	0.692888	0.000018
14	0.692802	0.000030
15	0.692832	0.000037
16	0.692774	0.000026
17	0.692736	0.000030
18	0.692749	0.000048
19	0.692739	0.000049
20	0.692729	0.000057
21	0.692669	0.000068
22	0.692621	0.000075
23	0.692587	0.000100
24	0.692578	0.000132
25	0.692511	0.000150
26	0.692469	0.000172
27	0.692388	0.000209
28	0.692267	0.000243
29	0.692193	0.000295
30	0.692102	0.000348
31	0.691952	0.000405
32	0.691812	0.000495
33	0.691672	0.000546
34	0.691580	0.000648
35	0.691382	0.000706
36	0.691228	0.000772
37	0.691012	0.000876
38	0.690782	0.000959
39	0.690572	0.001034
40	0.690381	0.001120
41	0.690134	0.001207
42	0.689902	0.001280
43	0.689634	0.001365
44	0.689370	0.001440
45	0.689070	0.001532
46	0.688822	0.001606
47	0.688517	0.001678
48	0.688155	0.001765
49	0.687908	0.001863
50	0.687608	0.001935
51	0.687316	0.002002
52	0.687000	0.002081
53	0.686679	0.002171
54	0.686351	0.002237
55	0.686047	0.002284
56	0.685699	0.002354
57	0.685373	0.002396
58	0.685013	0.002460
59	0.684694	0.002493
60	0.684310	0.002532
61	0.683881	0.002569
62	0.683527	0.002612
63	0.683153	0.002626
64	0.682725	0.002646
65	0.682297	0.002645
66	0.681867	0.002668
67	0.681410	0.002688
68	0.680912	0.002674
69	0.680335	0.002685
70	0.679883	0.002662
71	0.679351	0.002656
72	0.678787	0.002622
73	0.678285	0.002586
74	0.677782	0.002578
75	0.677250	0.002548
76	0.676705	0.002531
77	0.676203	0.002506
78	0.675768	0.002486
79	0.675246	0.002483
80	0.674780	0.002479
81	0.674349	0.002463
82	0.673893	0.002446
83	0.673511	0.002447
84	0.673071	0.002426
85	0.672681	0.002425
86	0.672232	0.002408
87	0.671891	0.002398
88	0.671410	0.002390
89	0.671007	0.002394
90	0.670565	0.002377
91	0.670157	0.002379
92	0.669676	0.002382
93	0.669262	0.002402
94	0.668795	0.002394
95	0.668355	0.002415
96	0.667929	0.002423
97	0.667488	0.002423
98	0.666986	0.002471
99	0.666554	0.002463
100	0.666139	0.002496
101	0.665633	0.002515
102	0.665100	0.002535
103	0.664716	0.002549
104	0.664293	0.002554
105	0.663826	0.002555
106	0.663425	0.002564
107	0.662945	0.002565
108	0.662563	0.002572
109	0.662119	0.002581
110	0.661674	0.002572
111	0.661220	0.002585
112	0.660809	0.002579
113	0.660393	0.002580
114	0.659947	0.002586
115	0.659432	0.002620
116	0.658985	0.002609
117	0.658547	0.002653
118	0.658155	0.002691
119	0.657680	0.002735
120	0.657227	0.002763
121	0.656838	0.002846
122	0.656419	0.002880
123	0.656047	0.002933
124	0.655657	0.002993
125	0.655317	0.003060
126	0.655006	0.003101
127	0.654581	0.003153
128	0.654204	0.003201
129	0.653919	0.003253
130	0.653514	0.003289
131	0.653259	0.003346
132	0.652936	0.003396
133	0.652598	0.003417
134	0.652246	0.003465
135	0.651928	0.003521
136	0.651641	0.003548
137	0.651291	0.003573
138	0.651022	0.003620
139	0.650729	0.003676
140	0.650429	0.003724
141	0.650093	0.003772
142	0.649747	0.003795
143	0.649522	0.003866
144	0.649176	0.003919
145	0.648851	0.003939
146	0.648583	0.004008
147	0.648265	0.004062
148	0.648025	0.004120
149	0.647768	0.004158
150	0.647451	0.004208
151	0.647210	0.004265
152	0.646929	0.004321
153	0.646679	0.004385
154	0.646399	0.004430
155	0.646124	0.004459
156	0.645909	0.004522
157	0.645617	0.004571
158	0.645402	0.004603
159	0.645053	0.004648
160	0.644920	0.004707
161	0.644601	0.004726
162	0.644315	0.004796
163	0.644184	0.004821
164	0.643896	0.004845
165	0.643643	0.004889
166	0.643456	0.004918
167	0.643214	0.004981
168	0.642921	0.004990
169	0.642718	0.005022
170	0.642513	0.005054
171	0.642283	0.005075
172	0.642019	0.005117
173	0.641795	0.005117
174	0.641580	0.005177
175	0.641333	0.005195
176	0.641113	0.005217
177	0.640831	0.005231
178	0.640694	0.005261
179	0.640430	0.005275
180	0.640127	0.005275
181	0.639964	0.005327
182	0.639693	0.005322
183	0.639474	0.005342
184	0.639185	0.005349
185	0.638978	0.005373
186	0.638773	0.005391
187	0.638559	0.005403
188	0.638311	0.005428
189	0.638008	0.005428
190	0.637738	0.005442
191	0.637466	0.005451
192	0.637262	0.005462
193	0.637022	0.005483
194	0.636760	0.005480
195	0.636411	0.005520
196	0.636117	0.005489
197	0.635937	0.005520
198	0.635611	0.005497
199	0.635283	0.005512
200	0.635054	0.005526
201	0.634776	0.005524
202	0.634531	0.005527
203	0.634148	0.005554
204	0.633807	0.005555
205	0.633525	0.005566
206	0.633272	0.005571
207	0.632920	0.005573
208	0.632534	0.005570
209	0.632317	0.005578
210	0.631906	0.005594
211	0.631613	0.005598
212	0.631252	0.005591
213	0.630780	0.005580
214	0.630506	0.005602
215	0.630191	0.005623
216	0.629855	0.005622
217	0.629498	0.005620
218	0.629084	0.005638
219	0.628638	0.005646
220	0.628331	0.005646
221	0.627842	0.005649
222	0.627565	0.005656
223	0.627126	0.005675
224	0.626610	0.005686
225	0.626228	0.005687
226	0.625726	0.005695
227	0.625384	0.005713
228	0.624927	0.005699
229	0.624423	0.005714
230	0.623951	0.005721
231	0.623508	0.005729
232	0.623066	0.005735
233	0.622438	0.005734
234	0.621991	0.005787
235	0.621561	0.005753
236	0.620940	0.005789
237	0.620409	0.005805
238	0.619859	0.005786
239	0.619373	0.005813
240	0.618811	0.005833
241	0.618257	0.005825
242	0.617654	0.005839
243	0.617009	0.005869
244	0.616418	0.005859
245	0.615820	0.005901
246	0.615272	0.005869
247	0.614520	0.005919
248	0.613971	0.005905
249	0.613263	0.005930
250	0.612675	0.005930
251	0.611987	0.005965
252	0.611240	0.005946
253	0.610528	0.005985
254	0.609815	0.006007
255	0.609114	0.005995
256	0.608391	0.006041
257	0.607718	0.006054
258	0.606855	0.006080
259	0.606071	0.006099
260	0.605260	0.006115
261	0.604428	0.006180
262	0.603702	0.006204
263	0.602900	0.006201
264	0.601972	0.006243
265	0.601171	0.006278
266	0.600188	0.006334
267	0.599366	0.006403
268	0.598486	0.006437
269	0.597508	0.006457
270	0.596549	0.006536
271	0.595602	0.006606
272	0.594624	0.006649
273	0.593698	0.006744
274	0.592685	0.006776
275	0.591602	0.006863
276	0.590458	0.006965
277	0.589576	0.007072
278	0.588485	0.007128
279	0.587462	0.007212
280	0.586422	0.007329
281	0.585319	0.007411
282	0.584265	0.007502
283	0.583035	0.007575
284	0.581940	0.007738
285	0.580877	0.007814
286	0.579681	0.007920
287	0.578724	0.008051
288	0.577352	0.008117
289	0.576337	0.008238
290	0.575035	0.008342
291	0.573814	0.008482
292	0.572658	0.008545
293	0.571502	0.008679
294	0.570196	0.008762
295	0.569066	0.008897
296	0.567812	0.009008
297	0.566544	0.009147
298	0.565318	0.009232
299	0.563994	0.009369
300	0.562856	0.009481
301	0.561521	0.009569
302	0.560229	0.009710
303	0.558820	0.009811
304	0.557643	0.009910
305	0.556278	0.010038
306	0.554901	0.010144
307	0.553495	0.010287
308	0.552147	0.010400
309	0.550936	0.010505
310	0.549505	0.010640
311	0.548056	0.010790
312	0.546735	0.010898
313	0.545259	0.010993
314	0.543970	0.011136
315	0.542458	0.011259
316	0.541040	0.011348
317	0.539589	0.011526
318	0.538197	0.011600
319	0.536780	0.011666
320	0.535546	0.011784
321	0.534039	0.011903
322	0.532441	0.012012
323	0.531060	0.012099
324	0.529521	0.012213
325	0.528039	0.012298
326	0.526662	0.012412
327	0.525148	0.012536
328	0.523689	0.012587
329	0.522123	0.012720
330	0.520668	0.012801
331	0.519172	0.012917
332	0.517731	0.012974
333	0.516362	0.013094
334	0.514738	0.013190
335	0.513219	0.013257
336	0.511705	0.013370
337	0.510067	0.013447
338	0.508663	0.013496
339	0.507187	0.013581
340	0.505554	0.013675
341	0.504272	0.013790
342	0.502563	0.013884
343	0.501188	0.013978
344	0.499611	0.014029
345	0.498112	0.014116
346	0.496615	0.014155
347	0.494881	0.014303
348	0.493496	0.014385
349	0.492054	0.014454
350	0.490498	0.014538
351	0.488953	0.014581
352	0.487640	0.014687
353	0.486006	0.014732
354	0.484469	0.014842
355	0.482997	0.014918
356	0.481440	0.014982
357	0.480089	0.015055
358	0.478485	0.015166
359	0.477020	0.015237
360	0.475463	0.015344
361	0.473865	0.015372
362	0.472479	0.015470
363	0.471018	0.015533
364	0.469461	0.015603
365	0.468078	0.015706
366	0.466570	0.015757
367	0.465062	0.015835
368	0.463607	0.015955
369	0.462281	0.016026
370	0.460721	0.016096
371	0.459345	0.016144
372	0.457917	0.016232
373	0.456220	0.016364
374	0.454825	0.016433
375	0.453392	0.016460
376	0.452099	0.016567
377	0.450703	0.016624
378	0.449264	0.016670
379	0.447776	0.016750
380	0.446454	0.016887
381	0.444875	0.016983
382	0.443541	0.017015
383	0.442244	0.017058
384	0.440795	0.017174
385	0.439699	0.017172
386	0.438193	0.017287
387	0.436785	0.017358
388	0.435380	0.017422
389	0.434155	0.017470
390	0.432631	0.017559
391	0.431242	0.017621
392	0.430103	0.017670
393	0.428714	0.017697
394	0.427329	0.017775
395	0.426110	0.017887
396	0.424888	0.017861
397	0.423491	0.017953
398	0.422182	0.018032
399	0.421050	0.018045
400	0.419707	0.018083
401	0.418300	0.018161
402	0.416991	0.018214
403	0.415760	0.018245
404	0.414510	0.018281
405	0.413038	0.018364
406	0.411884	0.018386
407	0.410709	0.018413
408	0.409440	0.018509
409	0.408158	0.018529
410	0.407054	0.018553
411	0.405493	0.018598
412	0.404321	0.018680
413	0.403195	0.018662
414	0.401990	0.018751
415	0.400735	0.018752
416	0.399435	0.018799
417	0.398305	0.018790
418	0.397121	0.018907
419	0.395880	0.018841
420	0.394564	0.018913
421	0.393449	0.018980
422	0.392215	0.018999
423	0.391114	0.019029
424	0.389938	0.019090
425	0.388663	0.019069
426	0.387290	0.019072
427	0.386287	0.019149
428	0.385036	0.019073
429	0.384073	0.019160
430	0.382847	0.019216
431	0.381604	0.019238
432	0.380491	0.019283
433	0.379340	0.019283
434	0.378039	0.019290
435	0.377007	0.019302
436	0.375795	0.019326
437	0.374617	0.019389
438	0.373420	0.019373
439	0.372373	0.019353
440	0.371407	0.019414
441	0.370021	0.019452
442	0.369010	0.019429
443	0.367779	0.019490
444	0.366767	0.019457
445	0.365722	0.019431
446	0.364632	0.019455
447	0.363341	0.019494
448	0.362384	0.019493
449	0.361262	0.019534
450	0.359967	0.019583
451	0.358798	0.019555
452	0.357906	0.019545
453	0.356791	0.019662
454	0.355585	0.019557
455	0.354493	0.019646
456	0.353338	0.019591
457	0.352146	0.019633
458	0.351158	0.019651
459	0.350182	0.019580
460	0.349046	0.019627
461	0.347930	0.019659
462	0.346744	0.019652
463	0.345653	0.019676
464	0.344704	0.019651
465	0.343370	0.019721
466	0.342466	0.019725
467	0.341507	0.019700
468	0.340140	0.019769
469	0.338929	0.019798
470	0.338122	0.019764
471	0.337007	0.019755
472	0.335973	0.019776
473	0.334756	0.019799
474	0.333754	0.019827
475	0.332735	0.019785
476	0.331534	0.019809
477	0.330696	0.019835
478	0.329379	0.019906
479	0.328399	0.019812
480	0.327280	0.019892
481	0.326291	0.019934
482	0.325049	0.019889
483	0.324054	0.019869
484	0.323061	0.019824
485	0.321953	0.019907
486	0.320826	0.019940
487	0.319879	0.019845
488	0.318703	0.019907
489	0.317464	0.019950
490	0.316452	0.019907
491	0.315427	0.019997
492	0.314517	0.019973
493	0.313364	0.020001
494	0.312285	0.019991
495	0.311213	0.020019
496	0.310185	0.020018
497	0.309058	0.019979
498	0.308030	0.020022
499	0.306837	0.020111
500	0.305908	0.020043
501	0.304853	0.020041
502	0.303886	0.020088
503	0.302823	0.020036
504	0.301875	0.020094
505	0.300645	0.020061
506	0.299526	0.020113
507	0.298571	0.020174
508	0.297413	0.020178
509	0.296282	0.020199
510	0.295202	0.020220
511	0.294163	0.020167
512	0.293207	0.020232
513	0.292260	0.020304
514	0.291396	0.020234
515	0.290145	0.020185
516	0.289206	0.020251
517	0.288271	0.020258
518	0.287179	0.020222
519	0.286158	0.020302
520	0.285164	0.020295
521	0.284407	0.020336
522	0.283205	0.020324
523	0.282307	0.020312
524	0.281121	0.020352
525	0.280253	0.020385
526	0.279087	0.020377
527	0.278324	0.020438
528	0.277574	0.020346
529	0.276335	0.020386
530	0.275429	0.020393
531	0.274276	0.020487
532	0.273355	0.020451
533	0.272516	0.020428
534	0.271481	0.020499
535	0.270473	0.020476
536	0.269765	0.020505
537	0.268689	0.020479
538	0.267784	0.020530
539	0.266773	0.020599
540	0.265839	0.020585
541	0.264753	0.020548
542	0.263852	0.020563
543	0.263115	0.020570
544	0.262061	0.020630
545	0.261174	0.020640
546	0.260304	0.020618
547	0.259492	0.020630
548	0.258586	0.020669
549	0.257461	0.020674
550	0.256669	0.020650
551	0.255734	0.020800
552	0.255106	0.020668
553	0.254160	0.020691
554	0.253021	0.020714
555	0.252433	0.020765
556	0.251267	0.020756
557	0.250596	0.020713
558	0.249740	0.020796
559	0.248841	0.020756
560	0.248017	0.020755
561	0.247023	0.020827
562	0.246159	0.020759
563	0.245489	0.020793
564	0.244565	0.020762
565	0.243483	0.020782
566	0.242869	0.020777
567	0.241922	0.020738
568	0.241106	0.020782
569	0.240037	0.020795
570	0.239397	0.020761
571	0.238397	0.020766
572	0.237686	0.020741
573	0.236851	0.020777
574	0.236172	0.020738
575	0.235375	0.020798
576	0.234709	0.020773
577	0.233478	0.020760
578	0.233167	0.020830
579	0.232167	0.020754
580	0.231526	0.020824
581	0.230575	0.020799
582	0.229611	0.020735
583	0.228906	0.020716
584	0.228062	0.020776
585	0.227610	0.020721
586	0.226811	0.020812
587	0.226035	0.020732
588	0.225250	0.020765
589	0.224390	0.020712
590	0.223713	0.020742
591	0.223035	0.020684
592	0.222363	0.020745
593	0.221486	0.020716
594	0.220798	0.020680
595	0.220193	0.020680
596	0.219164	0.020712
597	0.218522	0.020687
598	0.217858	0.020678
599	0.217117	0.020708
600	0.216388	0.020667
601	0.215554	0.020675
602	0.215083	0.020671
603	0.214350	0.020661
604	0.213543	0.020643
605	0.212864	0.020651
606	0.212005	0.020626
607	0.211434	0.020664
608	0.210600	0.020600
609	0.210039	0.020631
610	0.209448	0.020645
611	0.208747	0.020574
612	0.208053	0.020643
613	0.207184	0.020605
614	0.206811	0.020556
615	0.206071	0.020535
616	0.205333	0.020591
617	0.204754	0.020594
618	0.204132	0.020568
619	0.203305	0.020562
620	0.202869	0.020589
621	0.201956	0.020549
622	0.201531	0.020449
623	0.200843	0.020554
624	0.200201	0.020548
625	0.199622	0.020523
626	0.199044	0.020422
627	0.198381	0.020433
628	0.197814	0.020516
629	0.197039	0.020446
630	0.196638	0.020450
631	0.196095	0.020406
632	0.195327	0.020454
633	0.194861	0.020466
634	0.194186	0.020388
635	0.193596	0.020444
636	0.193097	0.020447
637	0.192320	0.020357
638	0.191841	0.020398
639	0.191042	0.020379
640	0.190458	0.020324
641	0.189802	0.020327
642	0.189272	0.020340
643	0.188641	0.020318
644	0.188191	0.020349
645	0.187791	0.020309
646	0.187130	0.020228
647	0.186511	0.020306
648	0.186122	0.020265
649	0.185304	0.020263
650	0.184855	0.020216
651	0.184225	0.020292
652	0.183652	0.020273
653	0.183355	0.020217
654	0.182603	0.020172
655	0.182151	0.020255
656	0.181665	0.020208
657	0.180931	0.020113
658	0.180552	0.020123
659	0.180059	0.020198
660	0.179492	0.020171
661	0.179029	0.020112
662	0.178565	0.020124
663	0.177694	0.020152
664	0.177627	0.020072
665	0.176957	0.020136
666	0.176504	0.020069
667	0.175892	0.020055
668	0.175362	0.020051
669	0.174745	0.020073
670	0.174437	0.020055
671	0.173628	0.020055
672	0.173292	0.019972
673	0.172898	0.020019
674	0.172396	0.019947
675	0.171860	0.019944
676	0.171420	0.019919
677	0.170831	0.019929
678	0.170546	0.019932
679	0.169997	0.019892
680	0.169633	0.019882
681	0.168962	0.019855
682	0.168474	0.019869
683	0.168099	0.019842
684	0.167525	0.019905
685	0.167342	0.019802
686	0.166706	0.019876
687	0.166230	0.019817
688	0.165873	0.019768
689	0.165273	0.019747
690	0.164722	0.019761
691	0.164580	0.019733
692	0.163927	0.019713
693	0.163473	0.019731
694	0.163044	0.019648
695	0.162532	0.019672
696	0.162243	0.019658
697	0.161590	0.019694
698	0.161334	0.019607
699	0.160818	0.019655
700	0.160310	0.019623
701	0.160067	0.019543
702	0.159627	0.019600
703	0.159193	0.019519
704	0.158744	0.019542
705	0.158324	0.019550
706	0.157837	0.019490
707	0.157470	0.019432
708	0.157020	0.019480
709	0.156885	0.019482
710	0.156256	0.019490
711	0.155767	0.019428
712	0.155338	0.019449
713	0.154936	0.019411
714	0.154528	0.019355
715	0.154244	0.019341
716	0.154076	0.019360
717	0.153289	0.019370
718	0.152936	0.019277
719	0.152806	0.019252
720	0.152128	0.019232
721	0.151807	0.019248
722	0.151508	0.019205
723	0.151122	0.019194
724	0.150732	0.019214
725	0.150169	0.019195
726	0.150079	0.019169
727	0.149430	0.019153
728	0.149048	0.019102
729	0.148710	0.019092
730	0.148598	0.019104
731	0.147998	0.019062
732	0.147720	0.019067
733	0.147478	0.018990
734	0.146773	0.019027
735	0.146590	0.018960
736	0.146327	0.018982
737	0.145731	0.018948
738	0.145634	0.018855
739	0.145083	0.018951
740	0.144749	0.018901
741	0.144375	0.018855
742	0.144292	0.018829
743	0.143847	0.018869
744	0.143401	0.018752
745	0.143296	0.018796
746	0.142666	0.018805
747	0.142386	0.018761
748	0.142125	0.018712
749	0.141557	0.018678
750	0.141576	0.018694
751	0.140930	0.018680
752	0.140709	0.018635
753	0.140326	0.018561
754	0.139947	0.018606
755	0.139721	0.018537
756	0.139384	0.018572
757	0.138994	0.018536
758	0.138831	0.018469
759	0.138584	0.018525
760	0.138170	0.018435
761	0.137565	0.018435
762	0.137444	0.018408
763	0.137096	0.018394
764	0.136801	0.018339
765	0.136401	0.018406
766	0.136156	0.018295
767	0.135756	0.018278
768	0.135524	0.018253
769	0.135347	0.018207
770	0.134945	0.018203
771	0.134807	0.018243
772	0.134405	0.018217
773	0.133999	0.018157
774	0.133688	0.018105
775	0.133371	0.018122
776	0.132987	0.018065
777	0.132645	0.018040
778	0.132402	0.018059
779	0.132171	0.018013
780	0.131930	0.017962
781	0.131359	0.017976
782	0.131540	0.017971
783	0.131080	0.017922
784	0.130766	0.017908
785	0.130424	0.017908
786	0.130342	0.017913
787	0.129803	0.017852
788	0.129474	0.017821
789	0.129286	0.017845
790	0.129207	0.017778
791	0.128874	0.017762
792	0.128601	0.017742
793	0.128258	0.017688
794	0.128111	0.017734
795	0.127744	0.017627
796	0.127318	0.017631
797	0.127190	0.017625
798	0.126778	0.017587
799	0.126492	0.017575
800	0.126472	0.017594
801	0.125999	0.017513
802	0.125698	0.017445
803	0.125555	0.017492
804	0.125354	0.017434
805	0.124873	0.017422
806	0.124670	0.017404
807	0.124462	0.017402
808	0.124165	0.017377
809	0.124011	0.017364
810	0.123673	0.017297
811	0.123493	0.017319
812	0.123258	0.017277
813	0.122743	0.017192
814	0.122774	0.017251
815	0.122509	0.017170
816	0.122054	0.017172
817	0.122095	0.017211
818	0.121704	0.017161
819	0.121276	0.017096
820	0.121358	0.017113
821	0.120914	0.017070
822	0.120694	0.017004
823	0.120355	0.017002
824	0.120125	0.017012
825	0.119944	0.016935
826	0.119796	0.017006
827	0.119401	0.016920
828	0.119267	0.016926
829	0.118996	0.016926
830	0.118614	0.016902
831	0.118423	0.016831
832	0.118320	0.016865
833	0.118112	0.016876
834	0.117574	0.016820
835	0.117557	0.016762
836	0.117381	0.016761
837	0.117197	0.016693
838	0.116954	0.016713
839	0.116613	0.016699
840	0.116500	0.016693
841	0.116119	0.016698
842	0.115879	0.016576
843	0.115794	0.016623
844	0.115687	0.016567
845	0.115311	0.016572
846	0.114801	0.016558
847	0.114810	0.016510
848	0.114560	0.016502
849	0.114200	0.016472
850	0.113927	0.016486
851	0.113937	0.016456
852	0.113794	0.016432
853	0.113585	0.016363
854	0.113178	0.016404
855	0.113178	0.016364
856	0.112927	0.016315
857	0.112841	0.016339
858	0.112243	0.016329
859	0.112361	0.016312
860	0.112007	0.016291
861	0.111784	0.016280
862	0.111470	0.016201
863	0.111519	0.016222
864	0.111266	0.016174
865	0.111136	0.016162
866	0.110874	0.016125
867	0.110426	0.016131
868	0.110358	0.016068
869	0.110087	0.016040
870	0.109834	0.016050
871	0.109565	0.016014
872	0.109562	0.016020
873	0.109349	0.016045
874	0.108981	0.015977
875	0.108905	0.015978
876	0.108868	0.015958
877	0.108619	0.015920
878	0.108274	0.015906
879	0.108067	0.015907
880	0.107810	0.015842
881	0.107474	0.015796
882	0.107507	0.015813
883	0.107550	0.015767
884	0.107046	0.015778
885	0.106875	0.015799
886	0.106961	0.015753
887	0.106500	0.015731
888	0.106451	0.015654
889	0.106049	0.015683
890	0.106069	0.015711
891	0.105876	0.015608
892	0.105694	0.015602
893	0.105455	0.015588
894	0.105353	0.015580
895	0.105296	0.015578
896	0.104746	0.015523
897	0.104613	0.015488
898	0.104574	0.015517
899	0.104329	0.015479
900	0.104207	0.015447
901	0.104145	0.015393
902	0.103806	0.015394
903	0.103698	0.015397
904	0.103429	0.015350
905	0.103395	0.015331
906	0.103046	0.015346
907	0.102898	0.015314
908	0.102682	0.015264
909	0.102691	0.015261
910	0.102426	0.015234
911	0.102227	0.015263
912	0.102043	0.015226
913	0.101979	0.015221
914	0.101812	0.015174
915	0.101558	0.015189
916	0.101339	0.015168
917	0.101094	0.015155
918	0.101181	0.015131
919	0.101038	0.015086
920	0.100949	0.015039
921	0.100557	0.015063
922	0.100671	0.015096
923	0.100204	0.014989
924	0.100223	0.014966
925	0.099954	0.014963
926	0.099987	0.014954
927	0.099748	0.014918
928	0.099396	0.014876
929	0.099245	0.014883
930	0.099285	0.014855
931	0.098999	0.014908
932	0.098752	0.014795
933	0.098553	0.014794
934	0.098604	0.014755
935	0.098340	0.014725
936	0.098221	0.014754
937	0.098072	0.014770
938	0.097817	0.014679
939	0.097553	0.014704
940	0.097721	0.014756
941	0.097503	0.014702
942	0.097173	0.014621
943	0.096928	0.014627
944	0.097051	0.014616
945	0.096721	0.014572
946	0.096443	0.014527
947	0.096475	0.014518
948	0.096418	0.014555
949	0.096304	0.014493
950	0.096207	0.014498
951	0.096041	0.014486
952	0.095657	0.014436
953	0.095619	0.014441
954	0.095436	0.014377
955	0.095518	0.014361
956	0.095122	0.014366
957	0.094935	0.014385
958	0.094894	0.014306
959	0.094824	0.014341
960	0.094761	0.014325
961	0.094305	0.014268
962	0.094240	0.014254
963	0.094535	0.014285
964	0.094087	0.014285
965	0.094046	0.014208
966	0.093883	0.014220
967	0.093576	0.014227
968	0.093781	0.014137
969	0.093432	0.014104
970	0.093290	0.014110
971	0.093117	0.014101
972	0.093072	0.014078
973	0.092791	0.014079
974	0.092600	0.014048
975	0.092737	0.014000
976	0.092567	0.014051
977	0.092371	0.014031
978	0.092381	0.013996
979	0.091905	0.013931
980	0.092035	0.013974
981	0.091989	0.013955
982	0.091447	0.013895
983	0.091472	0.013907
984	0.091408	0.013876
985	0.091216	0.013941
986	0.091095	0.013864
987	0.091129	0.013868
988	0.090886	0.013843
989	0.090712	0.013824
990	0.090636	0.013789
991	0.090527	0.013749
992	0.090231	0.013750
993	0.090245	0.013715
994	0.090157	0.013706
995	0.089930	0.013782
996	0.090050	0.013730
997	0.089921	0.013672
998	0.089828	0.013698
999	0.089376	0.013671
1000	0.089448	0.013668
1001	0.089412	0.013608
1002	0.089151	0.013663
1003	0.089015	0.013555
1004	0.088773	0.013564
1005	0.088577	0.013546
1006	0.088649	0.013506
1007	0.088626	0.013542
1008	0.088410	0.013549
1009	0.088320	0.013467
1010	0.088033	0.013474
1011	0.088069	0.013477
1012	0.088070	0.013464
1013	0.087894	0.013438
1014	0.087758	0.013389
1015	0.087468	0.013394
1016	0.087442	0.013368
1017	0.087399	0.013437
1018	0.087195	0.013380
1019	0.087314	0.013373
1020	0.087019	0.013306
1021	0.086680	0.013307
1022	0.086846	0.013278
1023	0.086952	0.013298
1024	0.086530	0.013244
1025	0.086544	0.013327
1026	0.086399	0.013243
1027	0.086267	0.013225
1028	0.086048	0.013212
1029	0.085795	0.013200
1030	0.085820	0.013244
1031	0.085683	0.013197
1032	0.085592	0.013175
1033	0.085556	0.013250
1034	0.085394	0.013100
1035	0.085358	0.013161
1036	0.085290	0.013134
1037	0.085025	0.013133
1038	0.084804	0.013057
1039	0.084945	0.013085
1040	0.084908	0.013050
1041	0.084645	0.013089
1042	0.084407	0.013033
1043	0.084111	0.013030
1044	0.084361	0.013031
1045	0.084129	0.013006
1046	0.083860	0.012988
1047	0.083804	0.012990
1048	0.083797	0.012982
1049	0.083656	0.012987
1050	0.083378	0.012928
1051	0.083633	0.012944
1052	0.083269	0.012932
1053	0.083374	0.012937
1054	0.083232	0.012915
1055	0.082870	0.012854
1056	0.083005	0.012864
1057	0.083058	0.012937
1058	0.082877	0.012860
1059	0.082669	0.012802
1060	0.082629	0.012875
1061	0.082413	0.012818
1062	0.082356	0.012828
1063	0.082275	0.012796
1064	0.082229	0.012775
1065	0.082032	0.012792
1066	0.082013	0.012743
1067	0.081827	0.012741
1068	0.081719	0.012707
1069	0.081573	0.012805
1070	0.081703	0.012712
1071	0.081493	0.012688
1072	0.081387	0.012654
1073	0.081366	0.012660
1074	0.081184	0.012690
1075	0.081067	0.012640
1076	0.081130	0.012637
1077	0.080928	0.012627
1078	0.081017	0.012647
1079	0.080758	0.012570
1080	0.080585	0.012597
1081	0.080531	0.012660
1082	0.080449	0.012615
1083	0.080373	0.012563
1084	0.080067	0.012537
1085	0.080053	0.012530
1086	0.080146	0.012583
1087	0.080167	0.012559
1088	0.079803	0.012514
1089	0.079603	0.012540
1090	0.079501	0.012478
1091	0.079325	0.012526
1092	0.079360	0.012481
1093	0.079231	0.012519
1094	0.079285	0.012473
1095	0.079320	0.012489
1096	0.078913	0.012468
1097	0.078927	0.012437
1098	0.078776	0.012455
1099	0.078703	0.012421
1100	0.078833	0.012435
1101	0.078464	0.012384
1102	0.078479	0.012436
1103	0.078423	0.012401
1104	0.078404	0.012425
1105	0.078304	0.012413
1106	0.078191	0.012367
1107	0.078027	0.012337
1108	0.078103	0.012368
1109	0.078016	0.012396
1110	0.078082	0.012327
1111	0.077747	0.012379
1112	0.077792	0.012340
1113	0.077396	0.012334
1114	0.077318	0.012292
1115	0.077401	0.012310
1116	0.077351	0.012270
1117	0.077109	0.012288
1118	0.077212	0.012241
1119	0.076951	0.012265
1120	0.077173	0.012236
1121	0.076961	0.012259
1122	0.076851	0.012255
1123	0.076734	0.012250
1124	0.076548	0.012211
1125	0.076506	0.012247
1126	0.076500	0.012213
1127	0.076274	0.012200
1128	0.076288	0.012150
1129	0.076115	0.012164
1130	0.076015	0.012150
1131	0.075820	0.012137
1132	0.075704	0.012125
1133	0.075778	0.012136
1134	0.075688	0.012184
1135	0.075614	0.012081
1136	0.075660	0.012121
1137	0.075677	0.012105
1138	0.075549	0.012104
1139	0.075337	0.012101
1140	0.075310	0.012061
1141	0.075391	0.012060
1142	0.074928	0.012017
1143	0.074943	0.012060
1144	0.075208	0.012070
1145	0.074815	0.011938
1146	0.074961	0.011946
1147	0.074662	0.012020
1148	0.074706	0.011999
1149	0.074375	0.011957
1150	0.074272	0.011972
1151	0.074499	0.011940
1152	0.074247	0.011957
1153	0.074298	0.011986
1154	0.074114	0.011891
1155	0.073958	0.011922
1156	0.074055	0.011914
1157	0.073809	0.011900
1158	0.073972	0.011905
1159	0.073944	0.011881
1160	0.073857	0.011905
1161	0.073654	0.011855
1162	0.073622	0.011819
1163	0.073306	0.011877
1164	0.073440	0.011829
1165	0.073268	0.011836
1166	0.073003	0.011792
1167	0.073098	0.011783
1168	0.073107	0.011824
1169	0.072882	0.011723
1170	0.073049	0.011749
1171	0.072935	0.011750
1172	0.072948	0.011745
1173	0.072861	0.011751
1174	0.072922	0.011727
1175	0.072699	0.011705
1176	0.072761	0.011669
1177	0.072400	0.011700
1178	0.072314	0.011669
1179	0.072275	0.011684
1180	0.072322	0.011642
1181	0.072346	0.011646
1182	0.072059	0.011661
1183	0.071979	0.011637
1184	0.071955	0.011663
1185	0.072072	0.011631
1186	0.071729	0.011600
1187	0.071908	0.011587
1188	0.071581	0.011590
1189	0.071786	0.011591
1190	0.071467	0.011550
1191	0.071573	0.011573
1192	0.071474	0.011567
1193	0.071243	0.011546
1194	0.071597	0.011507
1195	0.071224	0.011518
1196	0.071171	0.011554
1197	0.071410	0.011507
1198	0.071344	0.011459
1199	0.071074	0.011513
1200	0.070984	0.011499
1201	0.070803	0.011459
1202	0.070821	0.011452
1203	0.070607	0.011383
1204	0.070651	0.011439
1205	0.070484	0.011417
1206	0.070616	0.011420
1207	0.070691	0.011395
1208	0.070308	0.011436
1209	0.070313	0.011401
1210	0.070449	0.011370
1211	0.070544	0.011390
1212	0.070333	0.011350
1213	0.070176	0.011346
1214	0.069698	0.011347
1215	0.069864	0.011307
1216	0.069834	0.011281
1217	0.069842	0.011306
1218	0.069640	0.011263
1219	0.069477	0.011284
1220	0.069645	0.011232
1221	0.069475	0.011266
1222	0.069248	0.011197
1223	0.069317	0.011225
1224	0.069269	0.011172
1225	0.069332	0.011216
1226	0.069196	0.011138
1227	0.069071	0.011195
1228	0.069331	0.011177
1229	0.069039	0.011151
1230	0.069080	0.011201
1231	0.068880	0.011135
1232	0.068927	0.011159
1233	0.068816	0.011142
1234	0.068557	0.011116
1235	0.068814	0.011049
1236	0.068575	0.011109
1237	0.068568	0.011098
1238	0.068546	0.011064
1239	0.068521	0.011081
1240	0.068498	0.011016
1241	0.068061	0.011089
1242	0.068247	0.011000
1243	0.068382	0.011038
1244	0.068003	0.011002
1245	0.068007	0.011036
1246	0.068187	0.010945
1247	0.068038	0.011005
1248	0.067802	0.010993
1249	0.067768	0.011022
1250	0.067914	0.011018
1251	0.067495	0.010939
1252	0.067852	0.010929
1253	0.067692	0.010935
1254	0.067753	0.010944
1255	0.067697	0.010891
1256	0.067329	0.010823
1257	0.067488	0.010872
1258	0.067293	0.010881
1259	0.067213	0.010868
1260	0.067267	0.010878
1261	0.067108	0.010832
1262	0.067106	0.010813
1263	0.066927	0.010825
1264	0.066822	0.010775
1265	0.067170	0.010823
1266	0.066875	0.010793
1267	0.066700	0.010809
1268	0.066652	0.010758
1269	0.066826	0.010784
1270	0.066783	0.010727
1271	0.066658	0.010765
1272	0.066535	0.010719
1273	0.066564	0.010760
1274	0.066423	0.010709
1275	0.066323	0.010708
1276	0.066354	0.010716
1277	0.066216	0.010706
1278	0.066101	0.010696
1279	0.066168	0.010653
1280	0.066152	0.010718
1281	0.065943	0.010635
1282	0.065913	0.010636
1283	0.066085	0.010659
1284	0.066131	0.010636
1285	0.066007	0.010598
1286	0.065731	0.010651
1287	0.065919	0.010614
1288	0.065740	0.010624
1289	0.065512	0.010541
1290	0.065451	0.010538
1291	0.065540	0.010570
1292	0.065518	0.010576
1293	0.065504	0.010585
1294	0.065309	0.010518
1295	0.065301	0.010557
1296	0.065263	0.010540
1297	0.065268	0.010531
1298	0.065236	0.010483
1299	0.065280	0.010469
1300	0.065092	0.010489
1301	0.064847	0.010414
1302	0.064862	0.010497
1303	0.064865	0.010465
1304	0.064994	0.010437
1305	0.064732	0.010417
1306	0.064747	0.010457
1307	0.064872	0.010410
1308	0.064461	0.010403
1309	0.064512	0.010391
1310	0.064431	0.010431
1311	0.064526	0.010369
1312	0.064521	0.010358
1313	0.064431	0.010324
1314	0.064398	0.010366
1315	0.064275	0.010373
1316	0.064472	0.010372
1317	0.064056	0.010304
1318	0.064106	0.010305
1319	0.063893	0.010288
1320	0.064305	0.010309
1321	0.064068	0.010347
1322	0.063943	0.010340
1323	0.064077	0.010331
1324	0.064065	0.010239
1325	0.063719	0.010251
1326	0.064006	0.010264
1327	0.063917	0.010239
1328	0.063975	0.010261
1329	0.063664	0.010203
1330	0.063446	0.010208
1331	0.063825	0.010215
1332	0.063691	0.010221
1333	0.063455	0.010216
1334	0.063528	0.010182
1335	0.063314	0.010158
1336	0.063400	0.010201
1337	0.063348	0.010168
1338	0.063170	0.010235
1339	0.063309	0.010185
1340	0.063037	0.010196
1341	0.063114	0.010118
1342	0.063162	0.010164
1343	0.062955	0.010137
1344	0.063006	0.010138
1345	0.062821	0.010107
1346	0.062942	0.010161
1347	0.063043	0.010094
1348	0.062886	0.010135
1349	0.062596	0.010066
1350	0.062927	0.010040
1351	0.062668	0.010068
1352	0.062465	0.010068
1353	0.062781	0.010107
1354	0.062532	0.010057
1355	0.062465	0.010054
1356	0.062433	0.010060
1357	0.062405	0.009988
1358	0.062326	0.009979
1359	0.062043	0.010026
1360	0.062049	0.010023
1361	0.062111	0.009945
1362	0.062120	0.010006
1363	0.062284	0.009964
1364	0.062283	0.010041
1365	0.061987	0.009973
1366	0.061880	0.009991
1367	0.061981	0.009962
1368	0.062034	0.009980
1369	0.061617	0.009906
1370	0.061985	0.009929
1371	0.061386	0.009961
1372	0.061833	0.009911
1373	0.061447	0.009882
1374	0.061549	0.009927
1375	0.061460	0.009889
1376	0.061466	0.009901
1377	0.061430	0.009900
1378	0.061483	0.009859
1379	0.061302	0.009856
1380	0.061290	0.009804
1381	0.061311	0.009825
1382	0.061160	0.009839
1383	0.061068	0.009782
1384	0.061108	0.009797
1385	0.060985	0.009824
1386	0.061096	0.009835
1387	0.060903	0.009766
1388	0.060743	0.009782
1389	0.061070	0.009821
1390	0.060931	0.009784
1391	0.060784	0.009782
1392	0.060764	0.009806
1393	0.060800	0.009747
1394	0.060616	0.009743
1395	0.060602	0.009733
1396	0.060769	0.009772
1397	0.060357	0.009723
1398	0.060445	0.009738
1399	0.060419	0.009752
1400	0.060250	0.009677
1401	0.060426	0.009753
1402	0.060388	0.009718
1403	0.060565	0.009759
1404	0.060206	0.009736
1405	0.060296	0.009683
1406	0.060188	0.009726
1407	0.060056	0.009699
1408	0.060085	0.009688
1409	0.059898	0.009650
1410	0.059979	0.009660
1411	0.059889	0.009650
1412	0.059863	0.009675
1413	0.059777	0.009608
1414	0.059908	0.009626
1415	0.059892	0.009638
1416	0.059991	0.009661
1417	0.059589	0.009659
1418	0.059854	0.009570
1419	0.059774	0.009628
1420	0.059556	0.009598
1421	0.059522	0.009580
1422	0.059771	0.009639
1423	0.059553	0.009632
1424	0.059309	0.009600
1425	0.059392	0.009562
1426	0.059199	0.009574
1427	0.059356	0.009578
1428	0.059311	0.009626
1429	0.059239	0.009549
1430	0.059253	0.009543
1431	0.059106	0.009525
1432	0.059040	0.009494
1433	0.058978	0.009563
1434	0.059048	0.009506
1435	0.058605	0.009531
1436	0.058871	0.009561
1437	0.058706	0.009523
1438	0.058858	0.009478
1439	0.058674	0.009491
1440	0.058839	0.009521
1441	0.058706	0.009516
1442	0.058513	0.009530
1443	0.058877	0.009515
1444	0.058602	0.009535
1445	0.058586	0.009508
1446	0.058428	0.009459
1447	0.058341	0.009459
1448	0.058404	0.009453
1449	0.058545	0.009479
1450	0.058387	0.009438
1451	0.058166	0.009476
1452	0.057930	0.009430
1453	0.058038	0.009429
1454	0.058294	0.009438
1455	0.058084	0.009427
1456	0.058016	0.009361
1457	0.057884	0.009396
1458	0.057913	0.009408
1459	0.057805	0.009355
1460	0.058146	0.009374
1461	0.057648	0.009371
1462	0.057607	0.009368
1463	0.057669	0.009371
1464	0.057871	0.009355
1465	0.057758	0.009385
1466	0.057513	0.009339
1467	0.057585	0.009384
1468	0.057669	0.009329
1469	0.057388	0.009380
1470	0.057511	0.009288
1471	0.057521	0.009358
1472	0.057382	0.009282
1473	0.057509	0.009296
1474	0.057423	0.009298
1475	0.057299	0.009305
1476	0.057142	0.009273
1477	0.057322	0.009249
1478	0.057244	0.009301
1479	0.057110	0.009247
1480	0.057307	0.009292
1481	0.057053	0.009272
1482	0.057170	0.009283
1483	0.057069	0.009307
1484	0.057125	0.009245
1485	0.056970	0.009293
1486	0.056945	0.009220
1487	0.056953	0.009256
1488	0.056910	0.009234
1489	0.056684	0.009272
1490	0.056857	0.009202
1491	0.056793	0.009221
1492	0.056568	0.009230
1493	0.056578	0.009195
1494	0.056725	0.009187
1495	0.056719	0.009186
1496	0.056560	0.009216
1497	0.056483	0.009175
1498	0.056331	0.009197
1499	0.056565	0.009115
1500	0.056186	0.009167
1501	0.056241	0.009177
1502	0.056272	0.009139
1503	0.056270	0.009143
1504	0.056216	0.009150
1505	0.056195	0.009187
1506	0.056198	0.009166
1507	0.056213	0.009180
1508	0.056298	0.009168
1509	0.055930	0.009127
1510	0.055739	0.009164
1511	0.055902	0.009109
1512	0.055756	0.009146
1513	0.055835	0.009167
1514	0.055765	0.009087
1515	0.055860	0.009090
1516	0.055742	0.009112
1517	0.055768	0.009086
1518	0.055629	0.009069
1519	0.055473	0.009120
1520	0.055517	0.009112
1521	0.055525	0.009060
1522	0.055403	0.009107
1523	0.055250	0.009066
1524	0.055527	0.009064
1525	0.055437	0.009059
1526	0.055273	0.009005
1527	0.055138	0.009069
1528	0.055417	0.009058
1529	0.055386	0.009077
1530	0.055049	0.009064
1531	0.055497	0.009010
1532	0.055177	0.009044
1533	0.054947	0.009045
1534	0.055001	0.009048
1535	0.055110	0.008994
1536	0.055147	0.009004
1537	0.054919	0.009040
1538	0.054768	0.008982
1539	0.054797	0.008961
1540	0.054961	0.008993
1541	0.054836	0.009010
1542	0.054763	0.008963
1543	0.054867	0.009019
1544	0.054737	0.009016
1545	0.054847	0.009006
1546	0.054869	0.008961
1547	0.054707	0.008953
1548	0.054499	0.008901
1549	0.054582	0.008885
1550	0.054632	0.008945
1551	0.054328	0.008961
1552	0.054887	0.008908
1553	0.054376	0.008931
1554	0.054285	0.008926
1555	0.054278	0.008931
1556	0.054230	0.008932
1557	0.054323	0.008931
1558	0.054337	0.008909
1559	0.054370	0.008843
1560	0.054492	0.008881
1561	0.054497	0.008879
1562	0.054228	0.008881
1563	0.054136	0.008915
1564	0.054046	0.008831
1565	0.054158	0.008901
1566	0.054196	0.008871
1567	0.054127	0.008897
1568	0.053842	0.008838
1569	0.054056	0.008850
1570	0.054180	0.008874
1571	0.053968	0.008867
1572	0.053869	0.008881
1573	0.053776	0.008818
1574	0.053823	0.008861
1575	0.053885	0.008863
1576	0.053741	0.008866
1577	0.053597	0.008775
1578	0.053613	0.008820
1579	0.053785	0.008869
1580	0.053647	0.008795
1581	0.053653	0.008774
1582	0.053736	0.008813
1583	0.053485	0.008772
1584	0.053552	0.008750
1585	0.053209	0.008784
1586	0.053289	0.008743
1587	0.053327	0.008757
1588	0.053385	0.008824
1589	0.053291	0.008800
1590	0.053468	0.008771
1591	0.053417	0.008785
1592	0.053253	0.008759
1593	0.053149	0.008752
1594	0.053234	0.008770
1595	0.053396	0.008792
1596	0.053198	0.008782
1597	0.053162	0.008789
1598	0.052829	0.008809
1599	0.053100	0.008758
1600	0.053122	0.008786
1601	0.052996	0.008755
1602	0.052952	0.008761
1603	0.052930	0.008755
1604	0.053138	0.008705
1605	0.052866	0.008720
1606	0.052765	0.008697
1607	0.052812	0.008701
1608	0.052630	0.008673
1609	0.052819	0.008743
1610	0.052852	0.008712
1611	0.052602	0.008648
1612	0.052773	0.008673
1613	0.052919	0.008676
1614	0.052694	0.008656
1615	0.052868	0.008666
1616	0.052553	0.008611
1617	0.052465	0.008711
1618	0.052651	0.008665
1619	0.052508	0.008620
1620	0.052576	0.008609
1621	0.052525	0.008670
1622	0.052394	0.008650
1623	0.052289	0.008624
1624	0.052555	0.008607
1625	0.052276	0.008606
1626	0.052482	0.008682
1627	0.052340	0.008621
1628	0.052199	0.008615
1629	0.052257	0.008656
1630	0.052232	0.008619
1631	0.052241	0.008557
1632	0.052267	0.008662
1633	0.052348	0.008614
1634	0.052188	0.008558
1635	0.052224	0.008539
1636	0.052250	0.008562
1637	0.052025	0.008626
1638	0.052166	0.008521
1639	0.052011	0.008532
1640	0.052151	0.008498
1641	0.052044	0.008553
1642	0.052150	0.008541
1643	0.052032	0.008488
1644	0.052027	0.008514
1645	0.051967	0.008503
1646	0.052146	0.008482
1647	0.051741	0.008477
1648	0.052004	0.008588
1649	0.052186	0.008468
1650	0.051962	0.008520
1651	0.051936	0.008500
1652	0.051729	0.008473
1653	0.051874	0.008463
1654	0.052022	0.008450
1655	0.051847	0.008442
1656	0.051849	0.008477
1657	0.051741	0.008422
1658	0.051830	0.008447
1659	0.051684	0.008393
1660	0.051762	0.008485
1661	0.051673	0.008449
1662	0.051429	0.008396
1663	0.051583	0.008438
1664	0.051477	0.008408
1665	0.051633	0.008424
1666	0.051409	0.008405
1667	0.051541	0.008433
1668	0.051705	0.008434
1669	0.051413	0.008450
1670	0.051407	0.008442
1671	0.051441	0.008394
1672	0.051476	0.008441
1673	0.051207	0.008337
1674	0.051482	0.008400
1675	0.051637	0.008390
1676	0.051086	0.008408
1677	0.051262	0.008400
1678	0.051231	0.008392
1679	0.051408	0.008407
1680	0.051381	0.008357
1681	0.051276	0.008338
1682	0.051300	0.008360
1683	0.051242	0.008330
1684	0.050985	0.008329
1685	0.051205	0.008268
1686	0.050940	0.008353
1687	0.051392	0.008388
1688	0.050910	0.008272
1689	0.051254	0.008338
1690	0.051009	0.008320
1691	0.050967	0.008323
1692	0.051193	0.008322
1693	0.051214	0.008271
1694	0.051201	0.008283
1695	0.051064	0.008252
1696	0.051136	0.008343
1697	0.050978	0.008246
1698	0.050993	0.008302
1699	0.050816	0.008259
1700	0.050998	0.008181
1701	0.050998	0.008266
1702	0.050798	0.008277
1703	0.051072	0.008310
1704	0.051069	0.008266
1705	0.050814	0.008249
1706	0.050723	0.008287
1707	0.051085	0.008238
1708	0.050808	0.008220
1709	0.050640	0.008212
1710	0.050742	0.008188
1711	0.050901	0.008225
1712	0.050579	0.008201
1713	0.050588	0.008229
1714	0.050376	0.008186
1715	0.050658	0.008242
1716	0.050721	0.008207
1717	0.050592	0.008188
1718	0.050589	0.008199
1719	0.050367	0.008202
1720	0.050478	0.008250
1721	0.050454	0.008157
1722	0.050441	0.008194
1723	0.050567	0.008184
1724	0.050460	0.008157
1725	0.050411	0.008115
1726	0.050517	0.008119
1727	0.050491	0.008141
1728	0.050335	0.008140
1729	0.050751	0.008121
1730	0.050438	0.008141
1731	0.050431	0.008083
1732	0.050334	0.008157
1733	0.050524	0.008082
1734	0.050419	0.008110
1735	0.050459	0.008106
1736	0.050578	0.008066
1737	0.050311	0.008094
1738	0.050168	0.008079
1739	0.050320	0.008050
1740	0.050205	0.008066
1741	0.050137	0.008072
1742	0.050345	0.008059
1743	0.050204	0.008094
1744	0.050339	0.008036
1745	0.050405	0.008087
1746	0.050202	0.008033
1747	0.050197	0.007989
1748	0.050250	0.008015
1749	0.050082	0.008030
1750	0.050298	0.007972
1751	0.050271	0.008007
1752	0.050153	0.008029
1753	0.050174	0.007986
1754	0.049934	0.007918
1755	0.050122	0.007988
1756	0.049967	0.007963
1757	0.050112	0.007903
1758	0.049825	0.007901
1759	0.050101	0.007989
1760	0.050244	0.007935
1761	0.049804	0.007921
1762	0.050065	0.007939
1763	0.049786	0.007890
1764	0.049889	0.007865
1765	0.050016	0.007877
1766	0.049821	0.007865
1767	0.049966	0.007810
1768	0.049910	0.007918
1769	0.049851	0.007915
1770	0.049989	0.007913
1771	0.050101	0.007845
1772	0.049884	0.007829
1773	0.049825	0.007854
1774	0.049910	0.007876
1775	0.049714	0.007856
1776	0.049817	0.007837
1777	0.049655	0.007798
1778	0.049514	0.007818
1779	0.049856	0.007793
1780	0.049819	0.007853
1781	0.049734	0.007879
1782	0.049734	0.007848
1783	0.049859	0.007816
1784	0.049898	0.007758
1785	0.049791	0.007821
1786	0.050074	0.007800
1787	0.049914	0.007815
1788	0.049995	0.007791
1789	0.049888	0.007811
1790	0.049771	0.007714
1791	0.049466	0.007777
1792	0.049795	0.007756
1793	0.049816	0.007727
1794	0.049996	0.007750
1795	0.049554	0.007750
1796	0.049531	0.007731
1797	0.049842	0.007690
1798	0.049612	0.007709
1799	0.049547	0.007747
1800	0.049515	0.007672
1801	0.049778	0.007667
1802	0.049960	0.007693
1803	0.049409	0.007681
1804	0.049312	0.007687
1805	0.049573	0.007668
1806	0.049574	0.007655
1807	0.049414	0.007666
1808	0.049331	0.007586
1809	0.049297	0.007602
1810	0.049179	0.007611
1811	0.049513	0.007662
1812	0.049546	0.007650
1813	0.049384	0.007665
1814	0.049609	0.007642
1815	0.049429	0.007583
1816	0.049761	0.007597
1817	0.049396	0.007574
1818	0.049527	0.007570
1819	0.049505	0.007610
1820	0.049637	0.007541
1821	0.049323	0.007533
1822	0.049273	0.007582
1823	0.049544	0.007534
1824	0.049250	0.007516
1825	0.049416	0.007573
1826	0.049575	0.007523
1827	0.049302	0.007515
1828	0.049298	0.007536
1829	0.049297	0.007521
1830	0.049450	0.007510
1831	0.049269	0.007482
1832	0.049165	0.007546
1833	0.048934	0.007537
1834	0.049363	0.007462
1835	0.049038	0.007510
1836	0.049268	0.007479
1837	0.049458	0.007443
1838	0.049200	0.007457
1839	0.049323	0.007452
1840	0.049487	0.007509
1841	0.049231	0.007449
1842	0.049336	0.007525
1843	0.049125	0.007457
1844	0.049272	0.007474
1845	0.049099	0.007434
1846	0.049415	0.007421
1847	0.049225	0.007353
1848	0.049014	0.007374
1849	0.049459	0.007372
1850	0.049210	0.007420
1851	0.049083	0.007359
1852	0.049260	0.007372
1853	0.049164	0.007463
1854	0.048873	0.007388
1855	0.049039	0.007397
1856	0.049155	0.007389
1857	0.049048	0.007340
1858	0.048969	0.007360
1859	0.048940	0.007330
1860	0.048973	0.007370
1861	0.048974	0.007353
1862	0.048730	0.007310
1863	0.048907	0.007354
1864	0.049067	0.007376
1865	0.048905	0.007319
1866	0.048774	0.007319
1867	0.048836	0.007329
1868	0.048693	0.007307
1869	0.048858	0.007295
1870	0.048836	0.007287
1871	0.048782	0.007283
1872	0.048598	0.007301
1873	0.048703	0.007264
1874	0.049027	0.007284
1875	0.048822	0.007289
1876	0.048402	0.007277
1877	0.048777	0.007256
1878	0.048473	0.007254
1879	0.048754	0.007230
1880	0.048534	0.007288
1881	0.048673	0.007275
1882	0.048318	0.007233
1883	0.048366	0.007245
1884	0.048712	0.007252
1885	0.048549	0.007233
1886	0.048778	0.007193
1887	0.048550	0.007322
1888	0.048876	0.007275
1889	0.048593	0.007258
1890	0.048613	0.007229
1891	0.048439	0.007215
1892	0.048731	0.007231
1893	0.048505	0.007222
1894	0.048494	0.007285
1895	0.048647	0.007261
1896	0.048634	0.007247
1897	0.048439	0.007208
1898	0.048609	0.007184
1899	0.048538	0.007179
1900	0.048713	0.007185
1901	0.048466	0.007183
1902	0.048389	0.007166
1903	0.048457	0.007187
1904	0.048048	0.007209
1905	0.048471	0.007144
1906	0.048418	0.007158
1907	0.048398	0.007185
1908	0.048588	0.007157
1909	0.048629	0.007152
1910	0.048443	0.007201
1911	0.048617	0.007155
1912	0.048313	0.007136
1913	0.048249	0.007142
1914	0.048315	0.007087
1915	0.048438	0.007143
1916	0.048491	0.007136
1917	0.048438	0.007127
1918	0.048289	0.007112
1919	0.048211	0.007084
1920	0.048159	0.007076
1921	0.048150	0.007090
1922	0.048341	0.007089
1923	0.048563	0.007052
1924	0.048400	0.007053
1925	0.048468	0.007116
1926	0.048282	0.007028
1927	0.048379	0.007045
1928	0.048425	0.007057
1929	0.048411	0.007071
1930	0.048199	0.007014
1931	0.048018	0.007068
1932	0.048297	0.007036
1933	0.048129	0.007055
1934	0.048033	0.006971
1935	0.048354	0.007037
1936	0.048076	0.006985
1937	0.047946	0.006973
1938	0.047886	0.007045
1939	0.048004	0.007032
1940	0.047942	0.006995
1941	0.048334	0.006967
1942	0.048231	0.007005
1943	0.048354	0.006962
1944	0.048341	0.007052
1945	0.048268	0.006987
1946	0.048151	0.006944
1947	0.047829	0.006959
1948	0.048202	0.006994
1949	0.048148	0.006906
1950	0.048169	0.006954
1951	0.048042	0.006924
1952	0.048097	0.006920
1953	0.048155	0.006874
1954	0.048041	0.006901
1955	0.047981	0.006904
1956	0.048197	0.006884
1957	0.047938	0.006869
1958	0.047767	0.006939
1959	0.048126	0.006822
1960	0.047886	0.006865
1961	0.047646	0.006888
1962	0.048095	0.006904
1963	0.047959	0.006895
1964	0.047951	0.006888
1965	0.047727	0.006857
1966	0.047864	0.006876
1967	0.047716	0.006853
1968	0.047748	0.006825
1969	0.047938	0.006841
1970	0.047788	0.006811
1971	0.048012	0.006835
1972	0.047847	0.006865
1973	0.047926	0.006823
1974	0.047860	0.006845
1975	0.048133	0.006843
1976	0.047619	0.006837
1977	0.047816	0.006827
1978	0.047981	0.006837
1979	0.047761	0.006808
1980	0.047651	0.006769
1981	0.047987	0.006775
1982	0.048010	0.006735
1983	0.047739	0.006792
1984	0.047950	0.006796
1985	0.047651	0.006782
1986	0.047719	0.006755
1987	0.047998	0.006811
1988	0.047873	0.006743
1989	0.047660	0.006772
1990	0.047533	0.006693
1991	0.047707	0.006768
1992	0.047481	0.006684
1993	0.047830	0.006720
1994	0.047480	0.006683
1995	0.047593	0.006770
1996	0.047386	0.006712
1997	0.047757	0.006742
1998	0.047786	0.006750
1999	0.047621	0.006661
2000	0.047785	0.006699
