#Tensor product hilbert space dimension: 4; Number of simulations: 10;
#Separable DMs were read from: /home/julio/Documents/my_projects/TFM/code/entanglement_2x2_merge/input_data/received_from_DM/pure_states/separable.txt; Entangled DMs were read from: /home/julio/Documents/my_projects/TFM/code/entanglement_2x2_merge/input_data/generated/pure_states/negativity_(0.0, 0.1).txt;
#Architecture of the MLP: [16, 8, 1]; Number of epochs: 4000; Fraction of DMs used for training: 0.8;
#Activation function in the hidden layers: sigmoid; Activation function in the output layer: sigmoid; Loss function: binary_crossentropy;
#Batch size: 40; Test tolerance: 0.5; DMs were read with redundancy: False;
#Sucess rate averaged over every simulation and over every sample in the test set: 83.145%
#Sample standard deviation for averaged success rate: 0.3021005523828127%
#Same average success rate for supplementary tests: [0.8437743774377438, 0.9243324332433245, 0.9391639163916392, 0.9437843784378438, 0.9456695669566957]%
#Sample STD for averaged success rate in supplementary tests: [0.001311675972389475, 0.0007211820924569306, 0.0006880492201266663, 0.0006851276310876289, 0.0006850502283163276]%
#Epoch	Loss	Sample STD
1	0.697609	0.002030
2	0.693421	0.000025
3	0.693380	0.000036
4	0.693395	0.000020
5	0.693339	0.000024
6	0.693353	0.000028
7	0.693317	0.000025
8	0.693281	0.000030
9	0.693279	0.000017
10	0.693265	0.000020
11	0.693243	0.000027
12	0.693199	0.000018
13	0.693294	0.000007
14	0.693191	0.000029
15	0.693209	0.000018
16	0.693221	0.000022
17	0.693227	0.000027
18	0.693227	0.000013
19	0.693187	0.000019
20	0.693211	0.000018
21	0.693203	0.000020
22	0.693205	0.000018
23	0.693178	0.000027
24	0.693184	0.000023
25	0.693163	0.000023
26	0.693172	0.000025
27	0.693180	0.000021
28	0.693117	0.000024
29	0.693178	0.000034
30	0.693178	0.000016
31	0.693161	0.000018
32	0.693181	0.000022
33	0.693180	0.000014
34	0.693175	0.000015
35	0.693181	0.000019
36	0.693142	0.000028
37	0.693150	0.000026
38	0.693116	0.000027
39	0.693151	0.000018
40	0.693145	0.000018
41	0.693053	0.000057
42	0.693143	0.000034
43	0.693142	0.000034
44	0.693113	0.000025
45	0.693164	0.000015
46	0.693129	0.000017
47	0.693114	0.000027
48	0.693166	0.000013
49	0.693110	0.000028
50	0.693145	0.000017
51	0.693144	0.000025
52	0.693125	0.000020
53	0.693105	0.000033
54	0.693124	0.000022
55	0.693122	0.000029
56	0.693134	0.000021
57	0.693144	0.000019
58	0.693146	0.000021
59	0.693101	0.000046
60	0.693055	0.000042
61	0.693169	0.000019
62	0.693133	0.000025
63	0.693127	0.000029
64	0.693119	0.000021
65	0.693146	0.000015
66	0.693118	0.000033
67	0.693137	0.000015
68	0.693151	0.000022
69	0.693128	0.000020
70	0.693125	0.000025
71	0.693125	0.000028
72	0.693090	0.000044
73	0.693139	0.000029
74	0.693108	0.000026
75	0.693129	0.000018
76	0.693144	0.000021
77	0.693084	0.000026
78	0.693071	0.000031
79	0.693122	0.000018
80	0.693059	0.000032
81	0.693120	0.000018
82	0.693111	0.000033
83	0.693094	0.000017
84	0.693129	0.000031
85	0.693067	0.000032
86	0.693117	0.000023
87	0.693032	0.000028
88	0.693089	0.000023
89	0.693090	0.000047
90	0.693081	0.000023
91	0.693117	0.000016
92	0.693138	0.000026
93	0.693103	0.000023
94	0.693090	0.000022
95	0.693076	0.000012
96	0.693054	0.000021
97	0.693066	0.000044
98	0.693074	0.000018
99	0.693092	0.000019
100	0.693053	0.000036
101	0.693072	0.000019
102	0.693067	0.000035
103	0.693086	0.000019
104	0.693071	0.000026
105	0.693084	0.000024
106	0.693058	0.000029
107	0.693070	0.000027
108	0.693061	0.000027
109	0.693087	0.000029
110	0.693043	0.000044
111	0.693017	0.000037
112	0.693062	0.000029
113	0.693018	0.000036
114	0.693011	0.000034
115	0.693028	0.000035
116	0.693000	0.000043
117	0.693003	0.000040
118	0.693014	0.000046
119	0.693010	0.000040
120	0.692952	0.000043
121	0.692972	0.000046
122	0.692994	0.000050
123	0.692940	0.000055
124	0.692967	0.000058
125	0.692915	0.000055
126	0.692939	0.000060
127	0.692911	0.000069
128	0.692929	0.000069
129	0.692898	0.000082
130	0.692896	0.000079
131	0.692885	0.000079
132	0.692856	0.000085
133	0.692819	0.000095
134	0.692792	0.000113
135	0.692795	0.000113
136	0.692811	0.000123
137	0.692745	0.000116
138	0.692713	0.000132
139	0.692721	0.000148
140	0.692686	0.000138
141	0.692708	0.000154
142	0.692643	0.000170
143	0.692597	0.000185
144	0.692603	0.000185
145	0.692604	0.000192
146	0.692580	0.000195
147	0.692579	0.000219
148	0.692521	0.000220
149	0.692481	0.000236
150	0.692472	0.000248
151	0.692419	0.000246
152	0.692377	0.000245
153	0.692372	0.000261
154	0.692382	0.000274
155	0.692323	0.000274
156	0.692287	0.000283
157	0.692279	0.000285
158	0.692257	0.000294
159	0.692245	0.000296
160	0.692186	0.000294
161	0.692162	0.000310
162	0.692158	0.000320
163	0.692077	0.000318
164	0.692101	0.000321
165	0.692080	0.000326
166	0.692049	0.000329
167	0.691968	0.000336
168	0.691939	0.000324
169	0.691947	0.000361
170	0.691906	0.000344
171	0.691885	0.000343
172	0.691785	0.000336
173	0.691826	0.000364
174	0.691796	0.000362
175	0.691775	0.000360
176	0.691732	0.000362
177	0.691706	0.000372
178	0.691663	0.000374
179	0.691653	0.000378
180	0.691613	0.000372
181	0.691601	0.000370
182	0.691525	0.000373
183	0.691497	0.000393
184	0.691459	0.000383
185	0.691428	0.000367
186	0.691328	0.000402
187	0.691349	0.000384
188	0.691327	0.000375
189	0.691304	0.000376
190	0.691225	0.000388
191	0.691223	0.000375
192	0.691118	0.000395
193	0.691073	0.000390
194	0.691027	0.000375
195	0.691003	0.000376
196	0.690977	0.000372
197	0.690865	0.000380
198	0.690816	0.000381
199	0.690843	0.000381
200	0.690767	0.000388
201	0.690692	0.000378
202	0.690648	0.000385
203	0.690645	0.000390
204	0.690591	0.000395
205	0.690495	0.000395
206	0.690527	0.000390
207	0.690408	0.000401
208	0.690382	0.000395
209	0.690298	0.000407
210	0.690282	0.000411
211	0.690212	0.000409
212	0.690219	0.000395
213	0.690127	0.000403
214	0.690098	0.000400
215	0.690048	0.000401
216	0.690030	0.000409
217	0.689998	0.000405
218	0.689937	0.000415
219	0.689877	0.000422
220	0.689887	0.000408
221	0.689806	0.000411
222	0.689806	0.000423
223	0.689708	0.000418
224	0.689723	0.000410
225	0.689685	0.000424
226	0.689590	0.000426
227	0.689575	0.000433
228	0.689538	0.000439
229	0.689448	0.000431
230	0.689480	0.000457
231	0.689472	0.000436
232	0.689391	0.000455
233	0.689359	0.000458
234	0.689357	0.000461
235	0.689340	0.000469
236	0.689260	0.000463
237	0.689256	0.000472
238	0.689224	0.000483
239	0.689174	0.000489
240	0.689164	0.000486
241	0.689103	0.000502
242	0.689025	0.000506
243	0.689033	0.000506
244	0.688937	0.000516
245	0.688955	0.000512
246	0.688910	0.000533
247	0.688878	0.000529
248	0.688855	0.000521
249	0.688857	0.000524
250	0.688798	0.000558
251	0.688786	0.000549
252	0.688769	0.000548
253	0.688701	0.000555
254	0.688721	0.000560
255	0.688653	0.000550
256	0.688621	0.000581
257	0.688577	0.000570
258	0.688628	0.000580
259	0.688534	0.000598
260	0.688526	0.000592
261	0.688538	0.000581
262	0.688472	0.000598
263	0.688411	0.000614
264	0.688408	0.000621
265	0.688347	0.000615
266	0.688293	0.000617
267	0.688341	0.000624
268	0.688325	0.000631
269	0.688299	0.000623
270	0.688261	0.000640
271	0.688199	0.000635
272	0.688178	0.000642
273	0.688128	0.000659
274	0.688173	0.000662
275	0.688130	0.000645
276	0.688063	0.000658
277	0.688042	0.000669
278	0.688070	0.000662
279	0.687999	0.000668
280	0.688026	0.000663
281	0.687955	0.000677
282	0.687892	0.000694
283	0.687916	0.000679
284	0.687852	0.000702
285	0.687874	0.000684
286	0.687807	0.000702
287	0.687808	0.000695
288	0.687781	0.000699
289	0.687752	0.000704
290	0.687694	0.000715
291	0.687703	0.000721
292	0.687631	0.000720
293	0.687648	0.000715
294	0.687589	0.000708
295	0.687592	0.000741
296	0.687506	0.000720
297	0.687531	0.000731
298	0.687464	0.000718
299	0.687467	0.000725
300	0.687412	0.000724
301	0.687370	0.000755
302	0.687365	0.000730
303	0.687370	0.000743
304	0.687296	0.000757
305	0.687311	0.000755
306	0.687261	0.000758
307	0.687248	0.000776
308	0.687241	0.000750
309	0.687157	0.000772
310	0.687121	0.000770
311	0.687134	0.000764
312	0.687073	0.000781
313	0.687046	0.000771
314	0.687003	0.000791
315	0.687017	0.000773
316	0.686953	0.000774
317	0.686916	0.000777
318	0.686874	0.000806
319	0.686830	0.000799
320	0.686787	0.000790
321	0.686763	0.000789
322	0.686790	0.000791
323	0.686682	0.000804
324	0.686741	0.000788
325	0.686637	0.000790
326	0.686616	0.000801
327	0.686612	0.000791
328	0.686595	0.000799
329	0.686538	0.000793
330	0.686433	0.000812
331	0.686427	0.000814
332	0.686380	0.000816
333	0.686362	0.000801
334	0.686299	0.000817
335	0.686258	0.000809
336	0.686232	0.000816
337	0.686205	0.000822
338	0.686091	0.000801
339	0.686106	0.000826
340	0.686013	0.000836
341	0.686020	0.000816
342	0.686000	0.000816
343	0.685986	0.000808
344	0.685872	0.000845
345	0.685843	0.000820
346	0.685787	0.000828
347	0.685703	0.000849
348	0.685684	0.000806
349	0.685642	0.000834
350	0.685619	0.000816
351	0.685628	0.000824
352	0.685562	0.000821
353	0.685498	0.000821
354	0.685417	0.000838
355	0.685367	0.000823
356	0.685376	0.000842
357	0.685283	0.000831
358	0.685277	0.000836
359	0.685253	0.000849
360	0.685189	0.000833
361	0.685143	0.000823
362	0.685076	0.000826
363	0.685052	0.000830
364	0.684955	0.000851
365	0.684924	0.000858
366	0.684906	0.000841
367	0.684829	0.000851
368	0.684779	0.000849
369	0.684740	0.000855
370	0.684658	0.000841
371	0.684645	0.000860
372	0.684577	0.000863
373	0.684572	0.000865
374	0.684502	0.000861
375	0.684467	0.000865
376	0.684404	0.000872
377	0.684393	0.000858
378	0.684318	0.000874
379	0.684308	0.000887
380	0.684202	0.000890
381	0.684182	0.000891
382	0.684146	0.000873
383	0.684022	0.000904
384	0.684090	0.000897
385	0.683978	0.000893
386	0.683921	0.000888
387	0.683912	0.000896
388	0.683806	0.000897
389	0.683794	0.000903
390	0.683746	0.000904
391	0.683658	0.000902
392	0.683666	0.000913
393	0.683602	0.000921
394	0.683534	0.000919
395	0.683514	0.000911
396	0.683438	0.000918
397	0.683397	0.000937
398	0.683304	0.000941
399	0.683289	0.000948
400	0.683258	0.000948
401	0.683235	0.000951
402	0.683167	0.000952
403	0.683119	0.000954
404	0.682962	0.000957
405	0.683025	0.000973
406	0.682876	0.000979
407	0.682862	0.000978
408	0.682812	0.000981
409	0.682762	0.000987
410	0.682725	0.000989
411	0.682674	0.000973
412	0.682574	0.000971
413	0.682552	0.000981
414	0.682492	0.000996
415	0.682400	0.001006
416	0.682320	0.001029
417	0.682301	0.000993
418	0.682263	0.001022
419	0.682217	0.001020
420	0.682154	0.001027
421	0.682098	0.001026
422	0.682066	0.001024
423	0.681998	0.001060
424	0.681922	0.001036
425	0.681908	0.001037
426	0.681876	0.001046
427	0.681809	0.001053
428	0.681768	0.001072
429	0.681635	0.001063
430	0.681672	0.001066
431	0.681593	0.001083
432	0.681517	0.001081
433	0.681483	0.001100
434	0.681444	0.001098
435	0.681353	0.001092
436	0.681317	0.001108
437	0.681225	0.001101
438	0.681232	0.001115
439	0.681093	0.001124
440	0.681103	0.001139
441	0.681016	0.001113
442	0.681046	0.001143
443	0.680920	0.001162
444	0.680939	0.001136
445	0.680873	0.001159
446	0.680765	0.001183
447	0.680785	0.001177
448	0.680741	0.001169
449	0.680622	0.001179
450	0.680637	0.001191
451	0.680574	0.001191
452	0.680528	0.001190
453	0.680453	0.001206
454	0.680418	0.001222
455	0.680314	0.001196
456	0.680366	0.001204
457	0.680210	0.001242
458	0.680224	0.001223
459	0.680187	0.001243
460	0.680145	0.001266
461	0.680058	0.001255
462	0.680071	0.001244
463	0.680003	0.001244
464	0.679928	0.001255
465	0.679876	0.001259
466	0.679831	0.001277
467	0.679770	0.001301
468	0.679776	0.001283
469	0.679713	0.001284
470	0.679687	0.001290
471	0.679585	0.001316
472	0.679596	0.001316
473	0.679553	0.001299
474	0.679472	0.001333
475	0.679434	0.001327
476	0.679412	0.001343
477	0.679343	0.001370
478	0.679322	0.001346
479	0.679282	0.001353
480	0.679169	0.001358
481	0.679174	0.001364
482	0.679146	0.001361
483	0.679018	0.001374
484	0.678985	0.001388
485	0.678972	0.001398
486	0.678935	0.001377
487	0.678875	0.001379
488	0.678825	0.001384
489	0.678754	0.001409
490	0.678742	0.001397
491	0.678676	0.001446
492	0.678594	0.001415
493	0.678538	0.001421
494	0.678549	0.001432
495	0.678447	0.001424
496	0.678455	0.001442
497	0.678379	0.001437
498	0.678406	0.001452
499	0.678313	0.001447
500	0.678234	0.001463
501	0.678260	0.001455
502	0.678199	0.001464
503	0.678139	0.001476
504	0.678093	0.001480
505	0.678040	0.001511
506	0.678058	0.001482
507	0.677894	0.001481
508	0.678002	0.001499
509	0.677860	0.001487
510	0.677837	0.001517
511	0.677812	0.001511
512	0.677728	0.001500
513	0.677646	0.001502
514	0.677591	0.001517
515	0.677589	0.001542
516	0.677549	0.001526
517	0.677521	0.001516
518	0.677473	0.001537
519	0.677396	0.001548
520	0.677370	0.001539
521	0.677355	0.001558
522	0.677250	0.001533
523	0.677273	0.001565
524	0.677175	0.001559
525	0.677149	0.001575
526	0.677076	0.001564
527	0.676967	0.001596
528	0.676983	0.001576
529	0.676894	0.001557
530	0.676868	0.001606
531	0.676866	0.001604
532	0.676715	0.001609
533	0.676816	0.001599
534	0.676768	0.001600
535	0.676668	0.001609
536	0.676627	0.001601
537	0.676592	0.001609
538	0.676585	0.001615
539	0.676455	0.001633
540	0.676411	0.001621
541	0.676401	0.001641
542	0.676308	0.001644
543	0.676312	0.001637
544	0.676224	0.001647
545	0.676198	0.001629
546	0.676151	0.001633
547	0.676115	0.001650
548	0.676011	0.001639
549	0.675999	0.001663
550	0.675970	0.001649
551	0.675891	0.001651
552	0.675813	0.001669
553	0.675770	0.001646
554	0.675825	0.001667
555	0.675650	0.001669
556	0.675596	0.001714
557	0.675590	0.001671
558	0.675539	0.001695
559	0.675509	0.001697
560	0.675456	0.001691
561	0.675387	0.001690
562	0.675365	0.001706
563	0.675352	0.001698
564	0.675200	0.001703
565	0.675198	0.001730
566	0.675172	0.001713
567	0.675122	0.001712
568	0.675092	0.001726
569	0.675032	0.001718
570	0.674914	0.001705
571	0.674940	0.001717
572	0.674860	0.001724
573	0.674787	0.001727
574	0.674803	0.001748
575	0.674757	0.001750
576	0.674645	0.001738
577	0.674603	0.001737
578	0.674545	0.001745
579	0.674479	0.001758
580	0.674449	0.001743
581	0.674387	0.001770
582	0.674364	0.001748
583	0.674344	0.001780
584	0.674225	0.001770
585	0.674248	0.001775
586	0.674128	0.001786
587	0.674140	0.001756
588	0.674081	0.001771
589	0.674002	0.001776
590	0.673941	0.001759
591	0.673910	0.001817
592	0.673852	0.001769
593	0.673849	0.001781
594	0.673747	0.001802
595	0.673743	0.001796
596	0.673640	0.001794
597	0.673627	0.001797
598	0.673551	0.001813
599	0.673463	0.001825
600	0.673480	0.001825
601	0.673358	0.001801
602	0.673285	0.001813
603	0.673297	0.001837
604	0.673251	0.001819
605	0.673186	0.001829
606	0.673141	0.001838
607	0.673049	0.001830
608	0.673010	0.001822
609	0.672986	0.001849
610	0.672915	0.001848
611	0.672806	0.001822
612	0.672857	0.001837
613	0.672769	0.001844
614	0.672691	0.001850
615	0.672692	0.001836
616	0.672587	0.001874
617	0.672579	0.001864
618	0.672489	0.001871
619	0.672464	0.001856
620	0.672368	0.001864
621	0.672278	0.001892
622	0.672292	0.001872
623	0.672237	0.001875
624	0.672192	0.001901
625	0.672101	0.001922
626	0.672103	0.001895
627	0.672039	0.001898
628	0.671951	0.001886
629	0.671933	0.001903
630	0.671865	0.001913
631	0.671814	0.001898
632	0.671759	0.001927
633	0.671709	0.001906
634	0.671671	0.001920
635	0.671560	0.001932
636	0.671539	0.001898
637	0.671445	0.001912
638	0.671393	0.001918
639	0.671323	0.001938
640	0.671316	0.001945
641	0.671246	0.001953
642	0.671210	0.001948
643	0.671080	0.001949
644	0.671064	0.001939
645	0.670963	0.001964
646	0.670998	0.001959
647	0.670885	0.001970
648	0.670820	0.001946
649	0.670813	0.001965
650	0.670700	0.001972
651	0.670745	0.001970
652	0.670643	0.001956
653	0.670617	0.001983
654	0.670500	0.001964
655	0.670464	0.001982
656	0.670452	0.001962
657	0.670365	0.001969
658	0.670336	0.001982
659	0.670221	0.001988
660	0.670150	0.001988
661	0.670177	0.002008
662	0.670068	0.002002
663	0.670058	0.001998
664	0.669940	0.002005
665	0.669897	0.002023
666	0.669829	0.002009
667	0.669776	0.002053
668	0.669801	0.002021
669	0.669650	0.002038
670	0.669608	0.002021
671	0.669561	0.002037
672	0.669493	0.002025
673	0.669445	0.002063
674	0.669345	0.002047
675	0.669379	0.002025
676	0.669209	0.002048
677	0.669200	0.002065
678	0.669163	0.002054
679	0.669028	0.002067
680	0.668992	0.002049
681	0.668959	0.002063
682	0.668880	0.002085
683	0.668818	0.002080
684	0.668773	0.002104
685	0.668620	0.002118
686	0.668685	0.002095
687	0.668554	0.002111
688	0.668575	0.002090
689	0.668479	0.002140
690	0.668470	0.002115
691	0.668311	0.002119
692	0.668243	0.002101
693	0.668246	0.002120
694	0.668205	0.002122
695	0.668036	0.002142
696	0.668037	0.002138
697	0.667924	0.002130
698	0.667946	0.002153
699	0.667800	0.002135
700	0.667839	0.002144
701	0.667731	0.002167
702	0.667673	0.002170
703	0.667684	0.002166
704	0.667529	0.002158
705	0.667488	0.002171
706	0.667382	0.002189
707	0.667359	0.002194
708	0.667296	0.002195
709	0.667130	0.002210
710	0.667136	0.002201
711	0.667060	0.002226
712	0.667006	0.002215
713	0.666970	0.002221
714	0.666883	0.002237
715	0.666748	0.002242
716	0.666778	0.002248
717	0.666677	0.002233
718	0.666621	0.002253
719	0.666559	0.002242
720	0.666498	0.002263
721	0.666361	0.002251
722	0.666303	0.002253
723	0.666277	0.002277
724	0.666237	0.002261
725	0.666152	0.002256
726	0.666042	0.002281
727	0.665992	0.002298
728	0.665936	0.002288
729	0.665849	0.002314
730	0.665818	0.002325
731	0.665711	0.002330
732	0.665675	0.002317
733	0.665646	0.002324
734	0.665544	0.002333
735	0.665502	0.002343
736	0.665472	0.002355
737	0.665288	0.002341
738	0.665298	0.002352
739	0.665232	0.002362
740	0.665048	0.002338
741	0.665155	0.002363
742	0.665045	0.002379
743	0.664940	0.002353
744	0.664842	0.002386
745	0.664807	0.002412
746	0.664755	0.002394
747	0.664621	0.002404
748	0.664634	0.002417
749	0.664496	0.002435
750	0.664392	0.002403
751	0.664379	0.002459
752	0.664297	0.002438
753	0.664146	0.002431
754	0.664270	0.002438
755	0.664063	0.002469
756	0.663946	0.002500
757	0.663928	0.002471
758	0.663911	0.002495
759	0.663793	0.002476
760	0.663683	0.002485
761	0.663581	0.002503
762	0.663559	0.002504
763	0.663432	0.002522
764	0.663433	0.002508
765	0.663396	0.002503
766	0.663375	0.002513
767	0.663283	0.002530
768	0.663172	0.002546
769	0.663101	0.002525
770	0.662976	0.002569
771	0.662893	0.002559
772	0.662905	0.002562
773	0.662807	0.002579
774	0.662767	0.002562
775	0.662600	0.002599
776	0.662560	0.002600
777	0.662382	0.002602
778	0.662401	0.002601
779	0.662266	0.002625
780	0.662270	0.002605
781	0.662109	0.002618
782	0.662099	0.002638
783	0.662022	0.002645
784	0.661949	0.002649
785	0.661923	0.002669
786	0.661767	0.002652
787	0.661755	0.002666
788	0.661658	0.002681
789	0.661599	0.002699
790	0.661426	0.002687
791	0.661443	0.002712
792	0.661397	0.002734
793	0.661234	0.002705
794	0.661146	0.002713
795	0.660996	0.002712
796	0.660992	0.002731
797	0.660877	0.002765
798	0.660830	0.002734
799	0.660751	0.002772
800	0.660692	0.002768
801	0.660578	0.002778
802	0.660485	0.002787
803	0.660426	0.002805
804	0.660314	0.002779
805	0.660329	0.002799
806	0.660215	0.002839
807	0.660216	0.002833
808	0.660079	0.002846
809	0.659991	0.002844
810	0.659913	0.002833
811	0.659845	0.002863
812	0.659786	0.002870
813	0.659670	0.002901
814	0.659594	0.002879
815	0.659490	0.002914
816	0.659404	0.002901
817	0.659308	0.002939
818	0.659222	0.002922
819	0.659140	0.002922
820	0.659022	0.002922
821	0.658973	0.002952
822	0.658868	0.002948
823	0.658867	0.002979
824	0.658753	0.002970
825	0.658610	0.002976
826	0.658561	0.002977
827	0.658527	0.003007
828	0.658413	0.003030
829	0.658330	0.003023
830	0.658279	0.003020
831	0.658176	0.003007
832	0.658007	0.003063
833	0.658021	0.003048
834	0.657792	0.003036
835	0.657760	0.003079
836	0.657726	0.003082
837	0.657634	0.003093
838	0.657601	0.003100
839	0.657432	0.003113
840	0.657251	0.003122
841	0.657254	0.003139
842	0.657238	0.003166
843	0.657161	0.003170
844	0.657048	0.003178
845	0.656900	0.003164
846	0.656802	0.003157
847	0.656647	0.003193
848	0.656717	0.003211
849	0.656597	0.003218
850	0.656519	0.003222
851	0.656470	0.003237
852	0.656316	0.003244
853	0.656304	0.003255
854	0.656223	0.003262
855	0.656013	0.003280
856	0.655964	0.003294
857	0.655859	0.003316
858	0.655828	0.003306
859	0.655766	0.003300
860	0.655537	0.003340
861	0.655489	0.003358
862	0.655476	0.003371
863	0.655351	0.003372
864	0.655170	0.003384
865	0.655098	0.003375
866	0.655034	0.003373
867	0.654912	0.003438
868	0.654846	0.003416
869	0.654722	0.003420
870	0.654741	0.003438
871	0.654529	0.003463
872	0.654474	0.003468
873	0.654328	0.003472
874	0.654283	0.003493
875	0.654154	0.003512
876	0.654097	0.003495
877	0.654064	0.003526
878	0.653904	0.003522
879	0.653846	0.003536
880	0.653782	0.003561
881	0.653696	0.003564
882	0.653578	0.003618
883	0.653454	0.003591
884	0.653352	0.003608
885	0.653248	0.003594
886	0.653231	0.003631
887	0.653144	0.003645
888	0.652952	0.003650
889	0.652943	0.003658
890	0.652802	0.003679
891	0.652783	0.003698
892	0.652648	0.003695
893	0.652518	0.003676
894	0.652459	0.003722
895	0.652313	0.003714
896	0.652300	0.003744
897	0.652064	0.003733
898	0.652087	0.003789
899	0.652001	0.003786
900	0.651840	0.003785
901	0.651776	0.003796
902	0.651777	0.003841
903	0.651621	0.003829
904	0.651530	0.003876
905	0.651342	0.003848
906	0.651314	0.003894
907	0.651221	0.003892
908	0.651107	0.003890
909	0.651045	0.003929
910	0.650953	0.003934
911	0.650815	0.003942
912	0.650764	0.003948
913	0.650613	0.003963
914	0.650472	0.003976
915	0.650431	0.003997
916	0.650310	0.004014
917	0.650283	0.004043
918	0.650143	0.004041
919	0.650001	0.004057
920	0.649840	0.004057
921	0.649806	0.004075
922	0.649684	0.004075
923	0.649610	0.004115
924	0.649557	0.004099
925	0.649409	0.004123
926	0.649303	0.004162
927	0.649231	0.004167
928	0.649157	0.004162
929	0.649017	0.004197
930	0.648938	0.004249
931	0.648980	0.004200
932	0.648785	0.004225
933	0.648675	0.004232
934	0.648437	0.004232
935	0.648481	0.004269
936	0.648330	0.004280
937	0.648145	0.004301
938	0.648192	0.004305
939	0.648011	0.004314
940	0.648021	0.004330
941	0.647866	0.004360
942	0.647706	0.004373
943	0.647639	0.004378
944	0.647592	0.004409
945	0.647448	0.004407
946	0.647278	0.004422
947	0.647290	0.004455
948	0.647013	0.004448
949	0.647020	0.004444
950	0.646862	0.004473
951	0.646769	0.004471
952	0.646729	0.004533
953	0.646684	0.004543
954	0.646468	0.004533
955	0.646400	0.004561
956	0.646325	0.004604
957	0.646165	0.004576
958	0.646124	0.004590
959	0.645971	0.004609
960	0.645880	0.004634
961	0.645821	0.004648
962	0.645661	0.004664
963	0.645571	0.004667
964	0.645466	0.004696
965	0.645260	0.004687
966	0.645293	0.004743
967	0.645152	0.004741
968	0.645056	0.004766
969	0.644895	0.004763
970	0.644857	0.004785
971	0.644742	0.004801
972	0.644547	0.004845
973	0.644502	0.004855
974	0.644396	0.004873
975	0.644194	0.004888
976	0.644280	0.004883
977	0.644063	0.004878
978	0.643933	0.004930
979	0.643872	0.004961
980	0.643773	0.004958
981	0.643678	0.004972
982	0.643496	0.005010
983	0.643413	0.005031
984	0.643302	0.005027
985	0.643071	0.005009
986	0.643116	0.005053
987	0.642950	0.005094
988	0.642881	0.005072
989	0.642806	0.005119
990	0.642699	0.005131
991	0.642529	0.005151
992	0.642455	0.005164
993	0.642413	0.005155
994	0.642180	0.005188
995	0.642138	0.005243
996	0.641919	0.005223
997	0.641758	0.005274
998	0.641763	0.005242
999	0.641563	0.005263
1000	0.641600	0.005287
1001	0.641424	0.005321
1002	0.641322	0.005335
1003	0.641258	0.005367
1004	0.641141	0.005381
1005	0.640939	0.005405
1006	0.640882	0.005444
1007	0.640595	0.005433
1008	0.640659	0.005462
1009	0.640507	0.005473
1010	0.640418	0.005498
1011	0.640331	0.005493
1012	0.640148	0.005524
1013	0.639983	0.005531
1014	0.639971	0.005548
1015	0.639804	0.005568
1016	0.639725	0.005596
1017	0.639609	0.005630
1018	0.639512	0.005620
1019	0.639344	0.005645
1020	0.639249	0.005671
1021	0.639042	0.005648
1022	0.639016	0.005730
1023	0.638885	0.005713
1024	0.638707	0.005766
1025	0.638763	0.005782
1026	0.638564	0.005783
1027	0.638466	0.005782
1028	0.638228	0.005826
1029	0.638177	0.005818
1030	0.638016	0.005875
1031	0.637951	0.005903
1032	0.637705	0.005897
1033	0.637668	0.005920
1034	0.637571	0.005951
1035	0.637453	0.005976
1036	0.637282	0.005969
1037	0.637172	0.005997
1038	0.637022	0.006029
1039	0.636917	0.006062
1040	0.636813	0.006036
1041	0.636729	0.006103
1042	0.636622	0.006097
1043	0.636455	0.006118
1044	0.636336	0.006159
1045	0.636151	0.006157
1046	0.636156	0.006206
1047	0.636054	0.006206
1048	0.635748	0.006231
1049	0.635614	0.006247
1050	0.635545	0.006269
1051	0.635451	0.006292
1052	0.635332	0.006315
1053	0.635190	0.006301
1054	0.635033	0.006342
1055	0.634917	0.006354
1056	0.634864	0.006394
1057	0.634805	0.006404
1058	0.634658	0.006437
1059	0.634483	0.006457
1060	0.634307	0.006526
1061	0.634242	0.006474
1062	0.633988	0.006522
1063	0.633925	0.006550
1064	0.633931	0.006572
1065	0.633621	0.006554
1066	0.633533	0.006621
1067	0.633474	0.006609
1068	0.633372	0.006607
1069	0.633121	0.006661
1070	0.633105	0.006662
1071	0.632972	0.006683
1072	0.632756	0.006688
1073	0.632616	0.006725
1074	0.632624	0.006759
1075	0.632402	0.006755
1076	0.632321	0.006769
1077	0.632156	0.006800
1078	0.631961	0.006798
1079	0.631954	0.006824
1080	0.631818	0.006880
1081	0.631632	0.006896
1082	0.631581	0.006911
1083	0.631331	0.006945
1084	0.631331	0.006950
1085	0.631191	0.006968
1086	0.631080	0.006981
1087	0.630885	0.006993
1088	0.630826	0.007018
1089	0.630575	0.007016
1090	0.630448	0.007066
1091	0.630396	0.007091
1092	0.630135	0.007086
1093	0.630173	0.007123
1094	0.630010	0.007123
1095	0.629869	0.007177
1096	0.629668	0.007178
1097	0.629590	0.007194
1098	0.629495	0.007233
1099	0.629241	0.007230
1100	0.629231	0.007263
1101	0.629006	0.007268
1102	0.628881	0.007327
1103	0.628840	0.007304
1104	0.628635	0.007332
1105	0.628508	0.007341
1106	0.628410	0.007403
1107	0.628304	0.007389
1108	0.628120	0.007415
1109	0.628063	0.007483
1110	0.627941	0.007464
1111	0.627759	0.007482
1112	0.627535	0.007507
1113	0.627509	0.007524
1114	0.627277	0.007559
1115	0.627191	0.007583
1116	0.627047	0.007576
1117	0.626909	0.007630
1118	0.626739	0.007612
1119	0.626716	0.007637
1120	0.626566	0.007672
1121	0.626374	0.007688
1122	0.626299	0.007698
1123	0.626175	0.007737
1124	0.626011	0.007727
1125	0.625869	0.007774
1126	0.625705	0.007780
1127	0.625624	0.007821
1128	0.625378	0.007815
1129	0.625268	0.007848
1130	0.625214	0.007910
1131	0.625106	0.007920
1132	0.624922	0.007924
1133	0.624710	0.007973
1134	0.624667	0.007950
1135	0.624409	0.008002
1136	0.624359	0.008035
1137	0.624137	0.008054
1138	0.624033	0.008008
1139	0.623886	0.008069
1140	0.623836	0.008067
1141	0.623726	0.008115
1142	0.623478	0.008114
1143	0.623346	0.008155
1144	0.623274	0.008161
1145	0.623078	0.008172
1146	0.622959	0.008231
1147	0.622845	0.008225
1148	0.622713	0.008259
1149	0.622629	0.008257
1150	0.622440	0.008271
1151	0.622321	0.008306
1152	0.622107	0.008353
1153	0.621944	0.008352
1154	0.621803	0.008364
1155	0.621590	0.008404
1156	0.621558	0.008418
1157	0.621406	0.008414
1158	0.621322	0.008436
1159	0.621097	0.008498
1160	0.621026	0.008520
1161	0.620793	0.008519
1162	0.620752	0.008535
1163	0.620555	0.008599
1164	0.620392	0.008601
1165	0.620349	0.008596
1166	0.620191	0.008634
1167	0.619998	0.008683
1168	0.619821	0.008682
1169	0.619718	0.008672
1170	0.619510	0.008684
1171	0.619449	0.008756
1172	0.619312	0.008756
1173	0.619270	0.008788
1174	0.619029	0.008786
1175	0.618925	0.008801
1176	0.618663	0.008865
1177	0.618568	0.008864
1178	0.618501	0.008888
1179	0.618265	0.008894
1180	0.618168	0.008928
1181	0.618035	0.008978
1182	0.617862	0.008993
1183	0.617706	0.009024
1184	0.617635	0.008972
1185	0.617487	0.009050
1186	0.617383	0.009056
1187	0.617117	0.009059
1188	0.616904	0.009107
1189	0.616959	0.009103
1190	0.616807	0.009136
1191	0.616525	0.009162
1192	0.616436	0.009185
1193	0.616290	0.009207
1194	0.616122	0.009218
1195	0.616142	0.009254
1196	0.615845	0.009230
1197	0.615739	0.009305
1198	0.615641	0.009326
1199	0.615540	0.009332
1200	0.615273	0.009326
1201	0.615135	0.009382
1202	0.615110	0.009403
1203	0.614867	0.009413
1204	0.614746	0.009439
1205	0.614508	0.009460
1206	0.614481	0.009494
1207	0.614214	0.009519
1208	0.614142	0.009506
1209	0.614098	0.009566
1210	0.613865	0.009575
1211	0.613753	0.009591
1212	0.613672	0.009633
1213	0.613463	0.009631
1214	0.613362	0.009656
1215	0.613236	0.009664
1216	0.613070	0.009715
1217	0.612831	0.009730
1218	0.612757	0.009727
1219	0.612516	0.009784
1220	0.612463	0.009769
1221	0.612282	0.009789
1222	0.612242	0.009847
1223	0.612061	0.009817
1224	0.611800	0.009889
1225	0.611800	0.009877
1226	0.611521	0.009916
1227	0.611428	0.009923
1228	0.611208	0.009896
1229	0.611146	0.009961
1230	0.610965	0.009977
1231	0.610803	0.010001
1232	0.610730	0.010031
1233	0.610560	0.010061
1234	0.610387	0.010038
1235	0.610307	0.010098
1236	0.610085	0.010097
1237	0.609963	0.010137
1238	0.609947	0.010144
1239	0.609731	0.010158
1240	0.609625	0.010194
1241	0.609418	0.010148
1242	0.609355	0.010227
1243	0.609061	0.010269
1244	0.608990	0.010231
1245	0.608858	0.010280
1246	0.608653	0.010327
1247	0.608399	0.010282
1248	0.608565	0.010342
1249	0.608167	0.010340
1250	0.608140	0.010373
1251	0.607984	0.010387
1252	0.607878	0.010409
1253	0.607648	0.010425
1254	0.607528	0.010464
1255	0.607338	0.010471
1256	0.607322	0.010497
1257	0.607199	0.010521
1258	0.606911	0.010568
1259	0.606728	0.010551
1260	0.606713	0.010555
1261	0.606463	0.010561
1262	0.606376	0.010579
1263	0.606294	0.010613
1264	0.606159	0.010632
1265	0.605924	0.010638
1266	0.605793	0.010687
1267	0.605741	0.010669
1268	0.605470	0.010680
1269	0.605422	0.010728
1270	0.605196	0.010745
1271	0.605150	0.010765
1272	0.604994	0.010766
1273	0.604824	0.010766
1274	0.604688	0.010812
1275	0.604562	0.010803
1276	0.604460	0.010835
1277	0.604169	0.010828
1278	0.604124	0.010890
1279	0.603922	0.010901
1280	0.603876	0.010927
1281	0.603649	0.010937
1282	0.603587	0.010982
1283	0.603515	0.010925
1284	0.603313	0.010955
1285	0.603138	0.011052
1286	0.603018	0.010970
1287	0.602891	0.011054
1288	0.602703	0.011032
1289	0.602602	0.011066
1290	0.602545	0.011083
1291	0.602317	0.011103
1292	0.602186	0.011130
1293	0.602057	0.011149
1294	0.601903	0.011091
1295	0.601767	0.011154
1296	0.601679	0.011168
1297	0.601554	0.011204
1298	0.601371	0.011196
1299	0.601237	0.011263
1300	0.601066	0.011269
1301	0.600988	0.011257
1302	0.600876	0.011300
1303	0.600708	0.011306
1304	0.600572	0.011356
1305	0.600321	0.011359
1306	0.600261	0.011362
1307	0.600178	0.011365
1308	0.599982	0.011359
1309	0.599753	0.011379
1310	0.599742	0.011406
1311	0.599489	0.011428
1312	0.599381	0.011449
1313	0.599250	0.011446
1314	0.599147	0.011458
1315	0.598979	0.011493
1316	0.598852	0.011502
1317	0.598709	0.011523
1318	0.598548	0.011551
1319	0.598451	0.011570
1320	0.598293	0.011563
1321	0.598082	0.011581
1322	0.598003	0.011564
1323	0.598058	0.011623
1324	0.597760	0.011604
1325	0.597719	0.011663
1326	0.597507	0.011659
1327	0.597280	0.011681
1328	0.597193	0.011641
1329	0.597047	0.011711
1330	0.596939	0.011739
1331	0.596811	0.011720
1332	0.596674	0.011742
1333	0.596528	0.011774
1334	0.596433	0.011791
1335	0.596245	0.011768
1336	0.596131	0.011775
1337	0.596059	0.011839
1338	0.595886	0.011803
1339	0.595661	0.011837
1340	0.595550	0.011831
1341	0.595507	0.011858
1342	0.595297	0.011884
1343	0.595279	0.011889
1344	0.595019	0.011908
1345	0.594896	0.011974
1346	0.594686	0.011951
1347	0.594631	0.011946
1348	0.594408	0.011976
1349	0.594307	0.011956
1350	0.594216	0.011986
1351	0.594046	0.012026
1352	0.594022	0.012054
1353	0.593828	0.012054
1354	0.593772	0.012074
1355	0.593530	0.012047
1356	0.593420	0.012114
1357	0.593339	0.012116
1358	0.593171	0.012157
1359	0.593049	0.012121
1360	0.592901	0.012159
1361	0.592699	0.012145
1362	0.592619	0.012200
1363	0.592480	0.012218
1364	0.592290	0.012221
1365	0.592095	0.012228
1366	0.592057	0.012243
1367	0.591747	0.012250
1368	0.591734	0.012279
1369	0.591693	0.012286
1370	0.591560	0.012278
1371	0.591368	0.012291
1372	0.591247	0.012316
1373	0.591082	0.012340
1374	0.590956	0.012348
1375	0.590869	0.012335
1376	0.590732	0.012409
1377	0.590575	0.012379
1378	0.590484	0.012389
1379	0.590385	0.012444
1380	0.590288	0.012411
1381	0.590062	0.012444
1382	0.589887	0.012441
1383	0.589606	0.012480
1384	0.589573	0.012499
1385	0.589493	0.012500
1386	0.589388	0.012492
1387	0.589351	0.012557
1388	0.589087	0.012592
1389	0.588955	0.012540
1390	0.588801	0.012557
1391	0.588785	0.012601
1392	0.588459	0.012593
1393	0.588450	0.012632
1394	0.588362	0.012628
1395	0.588171	0.012641
1396	0.588021	0.012676
1397	0.587914	0.012694
1398	0.587782	0.012677
1399	0.587605	0.012698
1400	0.587443	0.012696
1401	0.587446	0.012762
1402	0.587265	0.012743
1403	0.587138	0.012778
1404	0.586991	0.012757
1405	0.586963	0.012779
1406	0.586636	0.012808
1407	0.586532	0.012827
1408	0.586437	0.012841
1409	0.586270	0.012836
1410	0.586264	0.012865
1411	0.586016	0.012831
1412	0.585941	0.012895
1413	0.585860	0.012894
1414	0.585644	0.012906
1415	0.585406	0.012934
1416	0.585476	0.012946
1417	0.585287	0.012977
1418	0.585165	0.012978
1419	0.585023	0.012968
1420	0.584849	0.012991
1421	0.584848	0.013023
1422	0.584403	0.013021
1423	0.584407	0.013049
1424	0.584402	0.013036
1425	0.584263	0.013050
1426	0.584119	0.013098
1427	0.583967	0.013108
1428	0.583778	0.013106
1429	0.583684	0.013109
1430	0.583540	0.013130
1431	0.583413	0.013113
1432	0.583256	0.013135
1433	0.582985	0.013188
1434	0.583046	0.013233
1435	0.582892	0.013224
1436	0.582818	0.013260
1437	0.582494	0.013256
1438	0.582545	0.013284
1439	0.582408	0.013251
1440	0.582145	0.013297
1441	0.582091	0.013307
1442	0.581932	0.013308
1443	0.581885	0.013335
1444	0.581760	0.013302
1445	0.581569	0.013392
1446	0.581384	0.013387
1447	0.581258	0.013391
1448	0.581120	0.013413
1449	0.581009	0.013392
1450	0.580981	0.013445
1451	0.580775	0.013474
1452	0.580603	0.013431
1453	0.580485	0.013466
1454	0.580346	0.013504
1455	0.580231	0.013515
1456	0.580101	0.013513
1457	0.579888	0.013499
1458	0.579931	0.013543
1459	0.579778	0.013559
1460	0.579580	0.013598
1461	0.579493	0.013583
1462	0.579341	0.013610
1463	0.579152	0.013616
1464	0.579209	0.013638
1465	0.578974	0.013655
1466	0.578780	0.013687
1467	0.578584	0.013660
1468	0.578517	0.013682
1469	0.578418	0.013702
1470	0.578346	0.013743
1471	0.578155	0.013724
1472	0.578048	0.013731
1473	0.577828	0.013737
1474	0.577841	0.013775
1475	0.577645	0.013786
1476	0.577552	0.013803
1477	0.577321	0.013818
1478	0.577213	0.013831
1479	0.577123	0.013864
1480	0.576919	0.013857
1481	0.576830	0.013886
1482	0.576808	0.013917
1483	0.576584	0.013902
1484	0.576322	0.013896
1485	0.576342	0.013913
1486	0.576203	0.013940
1487	0.576140	0.014014
1488	0.575907	0.013971
1489	0.575778	0.013969
1490	0.575701	0.014014
1491	0.575598	0.014036
1492	0.575413	0.014002
1493	0.575286	0.014074
1494	0.575163	0.014035
1495	0.574985	0.014047
1496	0.574777	0.014108
1497	0.574770	0.014092
1498	0.574580	0.014153
1499	0.574633	0.014163
1500	0.574438	0.014129
1501	0.574214	0.014184
1502	0.574073	0.014146
1503	0.573946	0.014183
1504	0.573828	0.014215
1505	0.573802	0.014224
1506	0.573716	0.014271
1507	0.573470	0.014257
1508	0.573306	0.014269
1509	0.573229	0.014282
1510	0.573047	0.014255
1511	0.572875	0.014313
1512	0.572711	0.014291
1513	0.572703	0.014315
1514	0.572638	0.014326
1515	0.572431	0.014352
1516	0.572429	0.014365
1517	0.572121	0.014370
1518	0.572068	0.014406
1519	0.572003	0.014436
1520	0.571836	0.014428
1521	0.571625	0.014433
1522	0.571563	0.014458
1523	0.571392	0.014491
1524	0.571215	0.014485
1525	0.571155	0.014535
1526	0.570863	0.014521
1527	0.570888	0.014523
1528	0.570713	0.014545
1529	0.570569	0.014568
1530	0.570433	0.014548
1531	0.570374	0.014581
1532	0.570150	0.014607
1533	0.570125	0.014617
1534	0.570050	0.014612
1535	0.569907	0.014629
1536	0.569817	0.014630
1537	0.569586	0.014673
1538	0.569492	0.014700
1539	0.569343	0.014683
1540	0.569162	0.014737
1541	0.568945	0.014725
1542	0.568908	0.014720
1543	0.568803	0.014791
1544	0.568619	0.014795
1545	0.568576	0.014783
1546	0.568491	0.014837
1547	0.568180	0.014822
1548	0.568169	0.014818
1549	0.568055	0.014844
1550	0.567921	0.014879
1551	0.567755	0.014875
1552	0.567528	0.014865
1553	0.567514	0.014907
1554	0.567460	0.014933
1555	0.567261	0.014951
1556	0.567077	0.014932
1557	0.567036	0.014968
1558	0.566918	0.015013
1559	0.566701	0.015001
1560	0.566531	0.015016
1561	0.566462	0.015034
1562	0.566231	0.015054
1563	0.566267	0.015055
1564	0.566091	0.015116
1565	0.565939	0.015106
1566	0.565737	0.015105
1567	0.565597	0.015124
1568	0.565464	0.015167
1569	0.565463	0.015183
1570	0.565329	0.015197
1571	0.565178	0.015187
1572	0.565143	0.015244
1573	0.564739	0.015186
1574	0.564749	0.015234
1575	0.564634	0.015262
1576	0.564587	0.015235
1577	0.564463	0.015291
1578	0.564084	0.015285
1579	0.564116	0.015350
1580	0.564027	0.015341
1581	0.563771	0.015355
1582	0.563517	0.015386
1583	0.563429	0.015382
1584	0.563415	0.015416
1585	0.563267	0.015420
1586	0.563078	0.015455
1587	0.563108	0.015450
1588	0.562901	0.015494
1589	0.562657	0.015485
1590	0.562601	0.015517
1591	0.562513	0.015562
1592	0.562382	0.015532
1593	0.562157	0.015552
1594	0.562033	0.015579
1595	0.561950	0.015563
1596	0.561751	0.015591
1597	0.561744	0.015625
1598	0.561465	0.015644
1599	0.561392	0.015680
1600	0.561299	0.015704
1601	0.561153	0.015709
1602	0.560953	0.015770
1603	0.560754	0.015732
1604	0.560740	0.015753
1605	0.560501	0.015797
1606	0.560471	0.015806
1607	0.560185	0.015815
1608	0.560158	0.015865
1609	0.559938	0.015849
1610	0.559904	0.015847
1611	0.559781	0.015892
1612	0.559603	0.015920
1613	0.559336	0.015924
1614	0.559334	0.015969
1615	0.559043	0.015967
1616	0.559127	0.015997
1617	0.559011	0.015987
1618	0.558839	0.016046
1619	0.558600	0.016077
1620	0.558363	0.016056
1621	0.558296	0.016077
1622	0.558215	0.016134
1623	0.558133	0.016121
1624	0.557886	0.016150
1625	0.557792	0.016177
1626	0.557538	0.016168
1627	0.557547	0.016246
1628	0.557413	0.016240
1629	0.557232	0.016273
1630	0.557143	0.016243
1631	0.557022	0.016272
1632	0.556843	0.016295
1633	0.556774	0.016303
1634	0.556489	0.016383
1635	0.556428	0.016360
1636	0.556191	0.016379
1637	0.556158	0.016394
1638	0.556038	0.016432
1639	0.555854	0.016442
1640	0.555712	0.016454
1641	0.555554	0.016483
1642	0.555403	0.016484
1643	0.555353	0.016525
1644	0.555019	0.016533
1645	0.555036	0.016571
1646	0.554753	0.016584
1647	0.554725	0.016586
1648	0.554520	0.016606
1649	0.554421	0.016636
1650	0.554355	0.016616
1651	0.554226	0.016689
1652	0.554015	0.016641
1653	0.553737	0.016684
1654	0.553738	0.016676
1655	0.553684	0.016731
1656	0.553431	0.016759
1657	0.553443	0.016799
1658	0.553218	0.016782
1659	0.553134	0.016831
1660	0.552874	0.016811
1661	0.552882	0.016848
1662	0.552652	0.016858
1663	0.552490	0.016888
1664	0.552488	0.016902
1665	0.552260	0.016921
1666	0.552031	0.017001
1667	0.551901	0.016966
1668	0.551828	0.016983
1669	0.551690	0.016996
1670	0.551499	0.016975
1671	0.551368	0.016998
1672	0.551245	0.017027
1673	0.551178	0.017044
1674	0.550984	0.017090
1675	0.550827	0.017086
1676	0.550719	0.017162
1677	0.550586	0.017153
1678	0.550472	0.017143
1679	0.550184	0.017187
1680	0.550230	0.017181
1681	0.550050	0.017177
1682	0.549890	0.017239
1683	0.549738	0.017257
1684	0.549582	0.017241
1685	0.549556	0.017301
1686	0.549296	0.017304
1687	0.549256	0.017355
1688	0.548963	0.017344
1689	0.548812	0.017345
1690	0.548873	0.017369
1691	0.548626	0.017380
1692	0.548512	0.017378
1693	0.548505	0.017427
1694	0.548299	0.017443
1695	0.548204	0.017450
1696	0.547995	0.017464
1697	0.547820	0.017487
1698	0.547685	0.017439
1699	0.547539	0.017489
1700	0.547421	0.017544
1701	0.547383	0.017517
1702	0.547251	0.017591
1703	0.547102	0.017580
1704	0.546897	0.017603
1705	0.546857	0.017639
1706	0.546675	0.017602
1707	0.546567	0.017646
1708	0.546356	0.017587
1709	0.546228	0.017634
1710	0.546009	0.017659
1711	0.545945	0.017701
1712	0.545817	0.017685
1713	0.545654	0.017745
1714	0.545591	0.017751
1715	0.545484	0.017725
1716	0.545396	0.017764
1717	0.545189	0.017771
1718	0.544946	0.017777
1719	0.544840	0.017783
1720	0.544788	0.017861
1721	0.544510	0.017808
1722	0.544523	0.017830
1723	0.544522	0.017894
1724	0.544135	0.017887
1725	0.544242	0.017905
1726	0.543946	0.017888
1727	0.543839	0.017939
1728	0.543664	0.017953
1729	0.543592	0.017935
1730	0.543471	0.017965
1731	0.543353	0.017963
1732	0.543210	0.017992
1733	0.543166	0.017982
1734	0.542937	0.018010
1735	0.542781	0.018023
1736	0.542748	0.018063
1737	0.542419	0.018095
1738	0.542403	0.018032
1739	0.542258	0.018052
1740	0.542205	0.018100
1741	0.542005	0.018068
1742	0.541922	0.018125
1743	0.541626	0.018146
1744	0.541556	0.018164
1745	0.541514	0.018174
1746	0.541527	0.018194
1747	0.541075	0.018164
1748	0.541103	0.018214
1749	0.540896	0.018207
1750	0.540842	0.018257
1751	0.540551	0.018231
1752	0.540653	0.018276
1753	0.540360	0.018326
1754	0.540134	0.018246
1755	0.540137	0.018307
1756	0.540019	0.018239
1757	0.540018	0.018335
1758	0.539882	0.018383
1759	0.539657	0.018368
1760	0.539462	0.018364
1761	0.539415	0.018392
1762	0.539325	0.018411
1763	0.539316	0.018432
1764	0.539005	0.018434
1765	0.538864	0.018388
1766	0.538737	0.018452
1767	0.538580	0.018477
1768	0.538527	0.018440
1769	0.538344	0.018438
1770	0.538276	0.018474
1771	0.538130	0.018498
1772	0.537967	0.018548
1773	0.537889	0.018528
1774	0.537815	0.018548
1775	0.537548	0.018576
1776	0.537405	0.018526
1777	0.537302	0.018542
1778	0.537054	0.018564
1779	0.537050	0.018571
1780	0.536918	0.018613
1781	0.536667	0.018592
1782	0.536787	0.018642
1783	0.536666	0.018627
1784	0.536494	0.018661
1785	0.536244	0.018720
1786	0.536125	0.018704
1787	0.535905	0.018693
1788	0.536054	0.018698
1789	0.535886	0.018757
1790	0.535635	0.018712
1791	0.535523	0.018767
1792	0.535295	0.018759
1793	0.535193	0.018740
1794	0.535139	0.018802
1795	0.534848	0.018779
1796	0.534845	0.018823
1797	0.534625	0.018850
1798	0.534632	0.018834
1799	0.534350	0.018839
1800	0.534425	0.018838
1801	0.534158	0.018891
1802	0.534144	0.018867
1803	0.533891	0.018926
1804	0.533847	0.018906
1805	0.533684	0.018913
1806	0.533602	0.018924
1807	0.533416	0.018972
1808	0.533260	0.018955
1809	0.533102	0.018967
1810	0.533063	0.018984
1811	0.532899	0.018982
1812	0.532955	0.019033
1813	0.532567	0.019032
1814	0.532610	0.019022
1815	0.532281	0.019045
1816	0.532310	0.019033
1817	0.532163	0.019037
1818	0.531941	0.019092
1819	0.531916	0.019105
1820	0.531690	0.019105
1821	0.531503	0.019105
1822	0.531479	0.019131
1823	0.531331	0.019147
1824	0.531224	0.019131
1825	0.531117	0.019125
1826	0.530977	0.019143
1827	0.530847	0.019155
1828	0.530693	0.019117
1829	0.530698	0.019219
1830	0.530461	0.019206
1831	0.530372	0.019247
1832	0.530300	0.019229
1833	0.530071	0.019241
1834	0.529879	0.019217
1835	0.529811	0.019275
1836	0.529723	0.019267
1837	0.529490	0.019269
1838	0.529504	0.019293
1839	0.529208	0.019302
1840	0.529169	0.019310
1841	0.528919	0.019311
1842	0.528912	0.019368
1843	0.528768	0.019357
1844	0.528697	0.019343
1845	0.528534	0.019364
1846	0.528499	0.019390
1847	0.528528	0.019391
1848	0.528205	0.019372
1849	0.527962	0.019356
1850	0.527880	0.019439
1851	0.527779	0.019420
1852	0.527729	0.019411
1853	0.527488	0.019436
1854	0.527529	0.019494
1855	0.527185	0.019469
1856	0.527184	0.019489
1857	0.526886	0.019452
1858	0.526789	0.019516
1859	0.526751	0.019508
1860	0.526718	0.019530
1861	0.526700	0.019543
1862	0.526323	0.019534
1863	0.526318	0.019559
1864	0.526199	0.019572
1865	0.525931	0.019591
1866	0.525845	0.019569
1867	0.525807	0.019573
1868	0.525539	0.019606
1869	0.525471	0.019563
1870	0.525397	0.019687
1871	0.525239	0.019678
1872	0.524964	0.019646
1873	0.524881	0.019638
1874	0.524863	0.019649
1875	0.524651	0.019678
1876	0.524603	0.019677
1877	0.524438	0.019695
1878	0.524365	0.019684
1879	0.524154	0.019694
1880	0.524076	0.019755
1881	0.523923	0.019742
1882	0.523818	0.019714
1883	0.523643	0.019813
1884	0.523492	0.019773
1885	0.523287	0.019753
1886	0.523222	0.019770
1887	0.523102	0.019765
1888	0.522931	0.019794
1889	0.522768	0.019795
1890	0.522716	0.019841
1891	0.522568	0.019851
1892	0.522356	0.019841
1893	0.522316	0.019802
1894	0.522108	0.019858
1895	0.522116	0.019882
1896	0.521961	0.019866
1897	0.521731	0.019902
1898	0.521765	0.019920
1899	0.521598	0.019908
1900	0.521261	0.019915
1901	0.521356	0.019930
1902	0.521155	0.019959
1903	0.520940	0.019988
1904	0.520887	0.019899
1905	0.520570	0.020006
1906	0.520640	0.020004
1907	0.520365	0.019985
1908	0.520242	0.019994
1909	0.520256	0.019983
1910	0.520102	0.019964
1911	0.519872	0.020039
1912	0.519874	0.020031
1913	0.519682	0.020032
1914	0.519518	0.020056
1915	0.519401	0.020052
1916	0.519231	0.020055
1917	0.518974	0.020087
1918	0.518922	0.020081
1919	0.518890	0.020126
1920	0.518568	0.020078
1921	0.518486	0.020126
1922	0.518492	0.020104
1923	0.518384	0.020110
1924	0.518152	0.020161
1925	0.518090	0.020080
1926	0.517917	0.020138
1927	0.517871	0.020179
1928	0.517791	0.020203
1929	0.517582	0.020171
1930	0.517398	0.020233
1931	0.517209	0.020196
1932	0.517022	0.020219
1933	0.517023	0.020202
1934	0.516846	0.020219
1935	0.516803	0.020256
1936	0.516497	0.020268
1937	0.516335	0.020245
1938	0.516300	0.020284
1939	0.516102	0.020299
1940	0.516060	0.020279
1941	0.515705	0.020318
1942	0.515556	0.020331
1943	0.515488	0.020278
1944	0.515383	0.020349
1945	0.515505	0.020349
1946	0.515190	0.020399
1947	0.515124	0.020337
1948	0.514822	0.020362
1949	0.514659	0.020341
1950	0.514615	0.020424
1951	0.514507	0.020445
1952	0.514305	0.020383
1953	0.514198	0.020418
1954	0.514046	0.020408
1955	0.513998	0.020445
1956	0.513801	0.020447
1957	0.513643	0.020452
1958	0.513549	0.020465
1959	0.513381	0.020488
1960	0.513159	0.020502
1961	0.513099	0.020512
1962	0.513012	0.020488
1963	0.512622	0.020543
1964	0.512666	0.020537
1965	0.512533	0.020505
1966	0.512321	0.020557
1967	0.512261	0.020552
1968	0.511996	0.020546
1969	0.511961	0.020613
1970	0.511911	0.020537
1971	0.511598	0.020578
1972	0.511627	0.020610
1973	0.511446	0.020617
1974	0.511326	0.020647
1975	0.511077	0.020604
1976	0.510942	0.020680
1977	0.510903	0.020675
1978	0.510691	0.020693
1979	0.510628	0.020721
1980	0.510435	0.020665
1981	0.510460	0.020713
1982	0.510126	0.020724
1983	0.509965	0.020650
1984	0.509931	0.020676
1985	0.509723	0.020727
1986	0.509533	0.020741
1987	0.509586	0.020719
1988	0.509343	0.020797
1989	0.509346	0.020742
1990	0.509056	0.020831
1991	0.508963	0.020756
1992	0.508769	0.020772
1993	0.508711	0.020799
1994	0.508430	0.020798
1995	0.508521	0.020810
1996	0.508279	0.020823
1997	0.508178	0.020827
1998	0.508181	0.020857
1999	0.507898	0.020835
2000	0.507749	0.020855
2001	0.507635	0.020869
2002	0.507476	0.020867
2003	0.507418	0.020914
2004	0.507126	0.020900
2005	0.507198	0.020927
2006	0.507026	0.020951
2007	0.506908	0.020926
2008	0.506794	0.020922
2009	0.506564	0.020952
2010	0.506364	0.020973
2011	0.506200	0.020974
2012	0.506262	0.021009
2013	0.506039	0.020976
2014	0.505966	0.020989
2015	0.505760	0.020991
2016	0.505613	0.021029
2017	0.505597	0.021022
2018	0.505339	0.021027
2019	0.505389	0.021057
2020	0.505137	0.021046
2021	0.504973	0.021053
2022	0.504833	0.021068
2023	0.504749	0.021072
2024	0.504574	0.021079
2025	0.504439	0.021102
2026	0.504448	0.021156
2027	0.504173	0.021087
2028	0.504156	0.021092
2029	0.503959	0.021138
2030	0.503865	0.021120
2031	0.503724	0.021162
2032	0.503558	0.021147
2033	0.503296	0.021124
2034	0.503305	0.021163
2035	0.503138	0.021201
2036	0.502892	0.021152
2037	0.502757	0.021193
2038	0.502654	0.021215
2039	0.502596	0.021186
2040	0.502580	0.021195
2041	0.502220	0.021271
2042	0.502403	0.021251
2043	0.502076	0.021251
2044	0.501961	0.021252
2045	0.501615	0.021218
2046	0.501698	0.021294
2047	0.501508	0.021318
2048	0.501406	0.021285
2049	0.501242	0.021283
2050	0.501096	0.021328
2051	0.500954	0.021325
2052	0.500947	0.021291
2053	0.500857	0.021349
2054	0.500678	0.021348
2055	0.500508	0.021349
2056	0.500330	0.021399
2057	0.500330	0.021340
2058	0.500162	0.021361
2059	0.499973	0.021425
2060	0.499890	0.021357
2061	0.499785	0.021370
2062	0.499536	0.021364
2063	0.499593	0.021380
2064	0.499458	0.021416
2065	0.499196	0.021422
2066	0.499047	0.021425
2067	0.498905	0.021414
2068	0.499044	0.021447
2069	0.498718	0.021431
2070	0.498648	0.021514
2071	0.498517	0.021456
2072	0.498506	0.021470
2073	0.498243	0.021498
2074	0.497886	0.021473
2075	0.498025	0.021501
2076	0.497934	0.021587
2077	0.497695	0.021521
2078	0.497600	0.021529
2079	0.497351	0.021541
2080	0.497271	0.021573
2081	0.497190	0.021616
2082	0.496980	0.021623
2083	0.496951	0.021639
2084	0.496802	0.021551
2085	0.496700	0.021615
2086	0.496513	0.021617
2087	0.496429	0.021628
2088	0.496224	0.021623
2089	0.496243	0.021641
2090	0.496133	0.021606
2091	0.495862	0.021636
2092	0.495946	0.021657
2093	0.495515	0.021666
2094	0.495614	0.021693
2095	0.495540	0.021710
2096	0.495307	0.021721
2097	0.495136	0.021715
2098	0.495103	0.021726
2099	0.494846	0.021674
2100	0.494655	0.021732
2101	0.494674	0.021746
2102	0.494363	0.021761
2103	0.494346	0.021778
2104	0.494281	0.021704
2105	0.494133	0.021760
2106	0.493825	0.021786
2107	0.493859	0.021772
2108	0.493669	0.021776
2109	0.493651	0.021820
2110	0.493375	0.021803
2111	0.493325	0.021804
2112	0.493217	0.021793
2113	0.493181	0.021802
2114	0.492936	0.021830
2115	0.492845	0.021839
2116	0.492801	0.021911
2117	0.492433	0.021833
2118	0.492360	0.021892
2119	0.492233	0.021865
2120	0.492241	0.021876
2121	0.492141	0.021874
2122	0.491781	0.021950
2123	0.491640	0.021901
2124	0.491525	0.021887
2125	0.491615	0.021972
2126	0.491516	0.021952
2127	0.491169	0.021980
2128	0.491059	0.021934
2129	0.491126	0.021962
2130	0.490964	0.021968
2131	0.490795	0.021944
2132	0.490553	0.021986
2133	0.490584	0.021969
2134	0.490380	0.021987
2135	0.490248	0.022032
2136	0.489981	0.022033
2137	0.490096	0.022034
2138	0.489922	0.022043
2139	0.489567	0.022020
2140	0.489540	0.022048
2141	0.489586	0.022115
2142	0.489391	0.022076
2143	0.489158	0.022067
2144	0.489109	0.022095
2145	0.488892	0.022130
2146	0.488776	0.022091
2147	0.488868	0.022088
2148	0.488502	0.022121
2149	0.488527	0.022147
2150	0.488235	0.022157
2151	0.488282	0.022181
2152	0.487847	0.022168
2153	0.487866	0.022161
2154	0.487680	0.022152
2155	0.487638	0.022186
2156	0.487573	0.022184
2157	0.487367	0.022210
2158	0.487274	0.022241
2159	0.487231	0.022254
2160	0.486768	0.022227
2161	0.486776	0.022246
2162	0.486669	0.022267
2163	0.486600	0.022278
2164	0.486459	0.022240
2165	0.486303	0.022259
2166	0.486180	0.022288
2167	0.486063	0.022295
2168	0.485844	0.022295
2169	0.485770	0.022350
2170	0.485666	0.022359
2171	0.485477	0.022316
2172	0.485225	0.022351
2173	0.485265	0.022332
2174	0.485054	0.022366
2175	0.484855	0.022400
2176	0.484782	0.022410
2177	0.484741	0.022354
2178	0.484570	0.022431
2179	0.484465	0.022466
2180	0.484187	0.022403
2181	0.484167	0.022467
2182	0.484101	0.022452
2183	0.483984	0.022468
2184	0.483872	0.022466
2185	0.483644	0.022500
2186	0.483483	0.022471
2187	0.483329	0.022514
2188	0.483096	0.022517
2189	0.483143	0.022514
2190	0.482885	0.022562
2191	0.482846	0.022523
2192	0.482702	0.022546
2193	0.482498	0.022520
2194	0.482338	0.022574
2195	0.482280	0.022604
2196	0.482348	0.022664
2197	0.481936	0.022648
2198	0.481920	0.022672
2199	0.481802	0.022657
2200	0.481635	0.022648
2201	0.481360	0.022662
2202	0.481290	0.022654
2203	0.481089	0.022732
2204	0.481168	0.022723
2205	0.481125	0.022707
2206	0.480840	0.022742
2207	0.480751	0.022732
2208	0.480770	0.022758
2209	0.480559	0.022769
2210	0.480339	0.022766
2211	0.480080	0.022769
2212	0.480104	0.022751
2213	0.479958	0.022790
2214	0.479871	0.022783
2215	0.479623	0.022830
2216	0.479464	0.022835
2217	0.479368	0.022819
2218	0.479388	0.022850
2219	0.478998	0.022871
2220	0.478891	0.022846
2221	0.478668	0.022820
2222	0.478780	0.022873
2223	0.478681	0.022959
2224	0.478507	0.022888
2225	0.478461	0.022952
2226	0.478005	0.022962
2227	0.478060	0.022906
2228	0.477985	0.022988
2229	0.477833	0.022904
2230	0.477709	0.022980
2231	0.477591	0.022970
2232	0.477540	0.022979
2233	0.477324	0.023046
2234	0.477240	0.023037
2235	0.476897	0.023011
2236	0.476825	0.023032
2237	0.476787	0.023065
2238	0.476685	0.023041
2239	0.476591	0.023068
2240	0.476448	0.023050
2241	0.476167	0.023059
2242	0.476164	0.023121
2243	0.475954	0.023097
2244	0.475807	0.023099
2245	0.475656	0.023126
2246	0.475463	0.023171
2247	0.475430	0.023103
2248	0.475403	0.023178
2249	0.475127	0.023193
2250	0.475039	0.023225
2251	0.475023	0.023188
2252	0.474900	0.023180
2253	0.474632	0.023225
2254	0.474294	0.023190
2255	0.474417	0.023219
2256	0.474338	0.023251
2257	0.474144	0.023261
2258	0.473958	0.023198
2259	0.473960	0.023278
2260	0.473930	0.023303
2261	0.473502	0.023308
2262	0.473710	0.023330
2263	0.473429	0.023300
2264	0.473244	0.023293
2265	0.472984	0.023369
2266	0.473173	0.023352
2267	0.472962	0.023377
2268	0.472775	0.023360
2269	0.472580	0.023377
2270	0.472487	0.023408
2271	0.472202	0.023385
2272	0.472233	0.023392
2273	0.472152	0.023447
2274	0.471942	0.023438
2275	0.471813	0.023429
2276	0.471789	0.023436
2277	0.471681	0.023472
2278	0.471567	0.023462
2279	0.471288	0.023426
2280	0.471282	0.023496
2281	0.470973	0.023427
2282	0.470884	0.023471
2283	0.470839	0.023468
2284	0.470650	0.023478
2285	0.470591	0.023535
2286	0.470506	0.023496
2287	0.470199	0.023516
2288	0.470133	0.023485
2289	0.470215	0.023583
2290	0.469969	0.023556
2291	0.469779	0.023603
2292	0.469664	0.023595
2293	0.469637	0.023586
2294	0.469488	0.023600
2295	0.469267	0.023612
2296	0.469275	0.023668
2297	0.468918	0.023605
2298	0.468840	0.023654
2299	0.468802	0.023676
2300	0.468564	0.023662
2301	0.468555	0.023672
2302	0.468356	0.023670
2303	0.468281	0.023737
2304	0.468222	0.023663
2305	0.467917	0.023766
2306	0.468087	0.023741
2307	0.467822	0.023730
2308	0.467628	0.023763
2309	0.467578	0.023724
2310	0.467387	0.023777
2311	0.467389	0.023744
2312	0.467109	0.023812
2313	0.467011	0.023806
2314	0.466950	0.023829
2315	0.466788	0.023826
2316	0.466684	0.023782
2317	0.466498	0.023802
2318	0.466307	0.023909
2319	0.466396	0.023842
2320	0.466090	0.023855
2321	0.466012	0.023884
2322	0.465812	0.023923
2323	0.465951	0.023886
2324	0.465693	0.023880
2325	0.465636	0.023944
2326	0.465261	0.023963
2327	0.465355	0.023903
2328	0.465176	0.023930
2329	0.465082	0.023926
2330	0.465098	0.023959
2331	0.464640	0.023936
2332	0.464720	0.023998
2333	0.464589	0.023996
2334	0.464474	0.023973
2335	0.464274	0.024027
2336	0.464234	0.023961
2337	0.464026	0.024052
2338	0.463908	0.023967
2339	0.463693	0.024044
2340	0.463769	0.024020
2341	0.463616	0.024065
2342	0.463414	0.024022
2343	0.463211	0.024077
2344	0.463241	0.024090
2345	0.463170	0.024085
2346	0.462964	0.024073
2347	0.462901	0.024086
2348	0.462757	0.024148
2349	0.462470	0.024138
2350	0.462431	0.024128
2351	0.462318	0.024164
2352	0.462398	0.024167
2353	0.461934	0.024184
2354	0.461971	0.024190
2355	0.461842	0.024206
2356	0.461720	0.024231
2357	0.461574	0.024236
2358	0.461461	0.024198
2359	0.461392	0.024220
2360	0.461165	0.024201
2361	0.461155	0.024245
2362	0.461014	0.024270
2363	0.460836	0.024238
2364	0.460763	0.024251
2365	0.460630	0.024291
2366	0.460515	0.024271
2367	0.460332	0.024300
2368	0.460308	0.024364
2369	0.459919	0.024349
2370	0.459880	0.024293
2371	0.459845	0.024311
2372	0.459778	0.024348
2373	0.459638	0.024355
2374	0.459446	0.024346
2375	0.459401	0.024424
2376	0.459215	0.024432
2377	0.458967	0.024370
2378	0.458964	0.024424
2379	0.458888	0.024415
2380	0.458788	0.024404
2381	0.458661	0.024422
2382	0.458652	0.024448
2383	0.458387	0.024440
2384	0.458306	0.024444
2385	0.458084	0.024481
2386	0.458101	0.024506
2387	0.457947	0.024462
2388	0.457876	0.024467
2389	0.457790	0.024556
2390	0.457415	0.024526
2391	0.457570	0.024508
2392	0.457168	0.024500
2393	0.457158	0.024571
2394	0.457005	0.024505
2395	0.456926	0.024526
2396	0.456930	0.024558
2397	0.456809	0.024568
2398	0.456511	0.024611
2399	0.456478	0.024604
2400	0.456248	0.024547
2401	0.456265	0.024622
2402	0.456092	0.024679
2403	0.456018	0.024595
2404	0.456068	0.024629
2405	0.455867	0.024637
2406	0.455641	0.024638
2407	0.455607	0.024626
2408	0.455405	0.024645
2409	0.455272	0.024695
2410	0.455279	0.024680
2411	0.455118	0.024632
2412	0.455062	0.024745
2413	0.454885	0.024701
2414	0.454864	0.024732
2415	0.454631	0.024687
2416	0.454489	0.024682
2417	0.454430	0.024695
2418	0.454385	0.024723
2419	0.454110	0.024726
2420	0.454017	0.024801
2421	0.453830	0.024762
2422	0.453708	0.024759
2423	0.453720	0.024816
2424	0.453728	0.024795
2425	0.453668	0.024782
2426	0.453375	0.024836
2427	0.453298	0.024822
2428	0.453077	0.024805
2429	0.452854	0.024844
2430	0.452890	0.024811
2431	0.452716	0.024898
2432	0.452595	0.024850
2433	0.452671	0.024872
2434	0.452295	0.024892
2435	0.452406	0.024851
2436	0.452161	0.024837
2437	0.452073	0.024872
2438	0.452163	0.024882
2439	0.451984	0.024902
2440	0.451626	0.024922
2441	0.451619	0.024875
2442	0.451581	0.024877
2443	0.451386	0.024974
2444	0.451402	0.024946
2445	0.450953	0.024887
2446	0.451042	0.024944
2447	0.451028	0.024965
2448	0.450892	0.024983
2449	0.450910	0.025011
2450	0.450600	0.024959
2451	0.450440	0.025007
2452	0.450322	0.024957
2453	0.450188	0.024960
2454	0.450039	0.024999
2455	0.450080	0.025013
2456	0.449865	0.025092
2457	0.449828	0.025051
2458	0.449757	0.025016
2459	0.449669	0.025038
2460	0.449489	0.025060
2461	0.449553	0.025056
2462	0.449255	0.025114
2463	0.449191	0.025084
2464	0.449071	0.025070
2465	0.448995	0.025067
2466	0.448797	0.025111
2467	0.448713	0.025119
2468	0.448534	0.025161
2469	0.448324	0.025107
2470	0.448280	0.025130
2471	0.448207	0.025127
2472	0.448169	0.025170
2473	0.448162	0.025145
2474	0.447950	0.025068
2475	0.447901	0.025134
2476	0.447493	0.025138
2477	0.447647	0.025201
2478	0.447632	0.025188
2479	0.447285	0.025197
2480	0.447264	0.025200
2481	0.447162	0.025219
2482	0.447111	0.025218
2483	0.446923	0.025224
2484	0.446846	0.025207
2485	0.446737	0.025220
2486	0.446459	0.025247
2487	0.446561	0.025224
2488	0.446327	0.025279
2489	0.446275	0.025246
2490	0.446211	0.025226
2491	0.446084	0.025244
2492	0.445845	0.025272
2493	0.445895	0.025251
2494	0.445831	0.025263
2495	0.445591	0.025279
2496	0.445547	0.025272
2497	0.445475	0.025316
2498	0.445270	0.025330
2499	0.445181	0.025320
2500	0.445116	0.025316
2501	0.444943	0.025268
2502	0.444750	0.025314
2503	0.444896	0.025300
2504	0.444512	0.025305
2505	0.444629	0.025346
2506	0.444510	0.025381
2507	0.444400	0.025332
2508	0.444133	0.025342
2509	0.444210	0.025360
2510	0.444036	0.025390
2511	0.443990	0.025363
2512	0.443794	0.025378
2513	0.443783	0.025377
2514	0.443648	0.025395
2515	0.443735	0.025410
2516	0.443374	0.025401
2517	0.443357	0.025385
2518	0.443206	0.025362
2519	0.443103	0.025430
2520	0.443091	0.025442
2521	0.442970	0.025418
2522	0.442793	0.025414
2523	0.442879	0.025463
2524	0.442524	0.025404
2525	0.442414	0.025470
2526	0.442397	0.025434
2527	0.442492	0.025496
2528	0.442296	0.025492
2529	0.442028	0.025420
2530	0.441957	0.025509
2531	0.441782	0.025447
2532	0.441734	0.025523
2533	0.441666	0.025504
2534	0.441582	0.025522
2535	0.441512	0.025568
2536	0.441404	0.025480
2537	0.441223	0.025495
2538	0.441188	0.025547
2539	0.441062	0.025481
2540	0.441024	0.025523
2541	0.440879	0.025516
2542	0.440755	0.025544
2543	0.440559	0.025597
2544	0.440646	0.025520
2545	0.440340	0.025529
2546	0.440280	0.025594
2547	0.440352	0.025552
2548	0.440299	0.025568
2549	0.440002	0.025609
2550	0.439928	0.025540
2551	0.439872	0.025588
2552	0.439651	0.025628
2553	0.439545	0.025582
2554	0.439636	0.025611
2555	0.439567	0.025675
2556	0.439422	0.025662
2557	0.439242	0.025581
2558	0.439034	0.025587
2559	0.439047	0.025603
2560	0.438759	0.025615
2561	0.438923	0.025676
2562	0.438576	0.025593
2563	0.438762	0.025647
2564	0.438554	0.025635
2565	0.438269	0.025676
2566	0.438327	0.025676
2567	0.438262	0.025605
2568	0.438098	0.025693
2569	0.437995	0.025683
2570	0.437912	0.025652
2571	0.437700	0.025603
2572	0.437838	0.025669
2573	0.437513	0.025668
2574	0.437633	0.025653
2575	0.437459	0.025669
2576	0.437300	0.025666
2577	0.437201	0.025764
2578	0.437116	0.025691
2579	0.437135	0.025761
2580	0.436948	0.025706
2581	0.436890	0.025654
2582	0.436568	0.025658
2583	0.436742	0.025744
2584	0.436482	0.025736
2585	0.436238	0.025687
2586	0.436431	0.025729
2587	0.436183	0.025783
2588	0.436107	0.025706
2589	0.435964	0.025782
2590	0.435967	0.025748
2591	0.435739	0.025703
2592	0.435854	0.025753
2593	0.435780	0.025785
2594	0.435558	0.025748
2595	0.435502	0.025719
2596	0.435448	0.025733
2597	0.435248	0.025741
2598	0.435240	0.025800
2599	0.435031	0.025732
2600	0.434855	0.025828
2601	0.434833	0.025759
2602	0.434743	0.025811
2603	0.434727	0.025793
2604	0.434587	0.025757
2605	0.434394	0.025742
2606	0.434265	0.025819
2607	0.434105	0.025731
2608	0.434194	0.025794
2609	0.434010	0.025821
2610	0.433952	0.025864
2611	0.433913	0.025801
2612	0.433719	0.025812
2613	0.433724	0.025839
2614	0.433615	0.025785
2615	0.433658	0.025858
2616	0.433440	0.025826
2617	0.433280	0.025781
2618	0.433210	0.025814
2619	0.433126	0.025845
2620	0.433072	0.025809
2621	0.432947	0.025876
2622	0.432734	0.025817
2623	0.432653	0.025846
2624	0.432600	0.025836
2625	0.432470	0.025856
2626	0.432438	0.025875
2627	0.432371	0.025856
2628	0.432298	0.025816
2629	0.432019	0.025820
2630	0.432244	0.025813
2631	0.432043	0.025852
2632	0.432009	0.025854
2633	0.431938	0.025867
2634	0.431755	0.025895
2635	0.431714	0.025878
2636	0.431539	0.025818
2637	0.431270	0.025914
2638	0.431320	0.025843
2639	0.431128	0.025888
2640	0.431176	0.025896
2641	0.430906	0.025915
2642	0.430986	0.025933
2643	0.430844	0.025831
2644	0.430788	0.025918
2645	0.430425	0.025900
2646	0.430613	0.025889
2647	0.430453	0.025889
2648	0.430391	0.025890
2649	0.430183	0.025848
2650	0.430360	0.025934
2651	0.430082	0.025883
2652	0.429895	0.025853
2653	0.429863	0.025928
2654	0.429800	0.025896
2655	0.429880	0.025901
2656	0.429635	0.025895
2657	0.429588	0.025949
2658	0.429363	0.025863
2659	0.429427	0.025913
2660	0.429164	0.025898
2661	0.429084	0.025969
2662	0.429374	0.025916
2663	0.428970	0.025907
2664	0.428700	0.025901
2665	0.428741	0.025952
2666	0.428671	0.025907
2667	0.428696	0.025985
2668	0.428494	0.025960
2669	0.428406	0.025927
2670	0.428193	0.025973
2671	0.428322	0.025913
2672	0.427960	0.025945
2673	0.428083	0.025933
2674	0.427982	0.025961
2675	0.427855	0.025932
2676	0.427813	0.025901
2677	0.427747	0.025902
2678	0.427569	0.025953
2679	0.427448	0.025948
2680	0.427399	0.025971
2681	0.427219	0.025936
2682	0.427131	0.025934
2683	0.427189	0.025968
2684	0.426989	0.025914
2685	0.427006	0.026030
2686	0.426979	0.025925
2687	0.426642	0.025975
2688	0.426936	0.025981
2689	0.426671	0.026013
2690	0.426564	0.025954
2691	0.426451	0.025960
2692	0.426298	0.025965
2693	0.426486	0.025991
2694	0.426138	0.025981
2695	0.425978	0.026016
2696	0.425954	0.026015
2697	0.425988	0.026013
2698	0.425888	0.025936
2699	0.425670	0.026004
2700	0.425397	0.025903
2701	0.425506	0.025974
2702	0.425498	0.025965
2703	0.425438	0.025986
2704	0.425369	0.025962
2705	0.425373	0.025983
2706	0.425117	0.025946
2707	0.424961	0.025974
2708	0.424887	0.025943
2709	0.424692	0.025991
2710	0.424760	0.025989
2711	0.424739	0.025962
2712	0.424498	0.025937
2713	0.424525	0.025963
2714	0.424404	0.025937
2715	0.424381	0.025975
2716	0.424024	0.026013
2717	0.424091	0.025993
2718	0.424156	0.026021
2719	0.424005	0.025994
2720	0.423808	0.026007
2721	0.423778	0.025972
2722	0.423686	0.025998
2723	0.423654	0.026010
2724	0.423485	0.025994
2725	0.423310	0.025997
2726	0.423444	0.025962
2727	0.423400	0.025975
2728	0.423273	0.025962
2729	0.423079	0.026005
2730	0.422937	0.025985
2731	0.422954	0.026063
2732	0.422785	0.025960
2733	0.422763	0.025991
2734	0.422801	0.026009
2735	0.422478	0.025982
2736	0.422396	0.025943
2737	0.422324	0.026029
2738	0.422273	0.025989
2739	0.422181	0.025982
2740	0.422296	0.025986
2741	0.421977	0.025982
2742	0.422109	0.026022
2743	0.422023	0.025991
2744	0.421804	0.025973
2745	0.421691	0.026038
2746	0.421407	0.025973
2747	0.421566	0.025986
2748	0.421354	0.025941
2749	0.421353	0.025976
2750	0.421272	0.025967
2751	0.421200	0.026014
2752	0.420892	0.025980
2753	0.420921	0.025961
2754	0.420874	0.026020
2755	0.420823	0.026007
2756	0.420734	0.026005
2757	0.420690	0.026001
2758	0.420487	0.026033
2759	0.420501	0.025984
2760	0.420360	0.026007
2761	0.420476	0.026035
2762	0.420218	0.025952
2763	0.420093	0.025973
2764	0.420061	0.026011
2765	0.420079	0.026008
2766	0.419806	0.025947
2767	0.419774	0.026037
2768	0.419581	0.025986
2769	0.419579	0.026002
2770	0.419611	0.026034
2771	0.419555	0.025999
2772	0.419443	0.025981
2773	0.419305	0.025962
2774	0.419159	0.025939
2775	0.419266	0.025939
2776	0.419011	0.025977
2777	0.419001	0.025970
2778	0.418713	0.025965
2779	0.418589	0.026051
2780	0.418722	0.025998
2781	0.418617	0.025962
2782	0.418456	0.025954
2783	0.418449	0.025979
2784	0.418460	0.025928
2785	0.418218	0.026056
2786	0.418218	0.025972
2787	0.418118	0.025942
2788	0.418093	0.026023
2789	0.418093	0.025962
2790	0.417764	0.025948
2791	0.417713	0.025952
2792	0.417860	0.026039
2793	0.417556	0.025956
2794	0.417481	0.026003
2795	0.417398	0.026012
2796	0.417376	0.025963
2797	0.417366	0.025970
2798	0.417157	0.025983
2799	0.417185	0.025960
2800	0.416963	0.025917
2801	0.416758	0.025982
2802	0.416889	0.025877
2803	0.416782	0.025954
2804	0.416774	0.025961
2805	0.416829	0.025954
2806	0.416358	0.025934
2807	0.416071	0.025942
2808	0.416201	0.025879
2809	0.416368	0.025979
2810	0.416215	0.025914
2811	0.416126	0.025921
2812	0.416378	0.025977
2813	0.416123	0.025972
2814	0.415965	0.025921
2815	0.415929	0.025979
2816	0.415685	0.025911
2817	0.415848	0.025904
2818	0.415712	0.025931
2819	0.415688	0.025966
2820	0.415529	0.025958
2821	0.415357	0.025927
2822	0.415243	0.025936
2823	0.415108	0.025918
2824	0.415153	0.025936
2825	0.414986	0.025943
2826	0.414930	0.025883
2827	0.414775	0.025924
2828	0.414725	0.025899
2829	0.414692	0.025897
2830	0.414800	0.025957
2831	0.414559	0.025924
2832	0.414494	0.025923
2833	0.414436	0.025951
2834	0.414314	0.025932
2835	0.414274	0.025920
2836	0.414163	0.025901
2837	0.414076	0.025908
2838	0.413849	0.025951
2839	0.413768	0.025862
2840	0.413786	0.025892
2841	0.413703	0.025936
2842	0.413780	0.025939
2843	0.413541	0.025850
2844	0.413518	0.025861
2845	0.413459	0.025853
2846	0.413377	0.025857
2847	0.413198	0.025852
2848	0.413272	0.025875
2849	0.413036	0.025812
2850	0.413025	0.025854
2851	0.413096	0.025894
2852	0.412935	0.025878
2853	0.412771	0.025839
2854	0.412775	0.025875
2855	0.412687	0.025817
2856	0.412511	0.025907
2857	0.412515	0.025884
2858	0.412408	0.025845
2859	0.412284	0.025824
2860	0.412382	0.025897
2861	0.412020	0.025863
2862	0.411969	0.025869
2863	0.411992	0.025853
2864	0.411727	0.025842
2865	0.412093	0.025874
2866	0.411708	0.025819
2867	0.411501	0.025829
2868	0.411707	0.025863
2869	0.411454	0.025853
2870	0.411481	0.025849
2871	0.411300	0.025798
2872	0.411344	0.025861
2873	0.411440	0.025864
2874	0.411218	0.025795
2875	0.411067	0.025786
2876	0.410965	0.025830
2877	0.410991	0.025804
2878	0.410858	0.025817
2879	0.410778	0.025829
2880	0.410856	0.025838
2881	0.410592	0.025795
2882	0.410424	0.025890
2883	0.410199	0.025812
2884	0.410460	0.025789
2885	0.410316	0.025872
2886	0.410262	0.025822
2887	0.410132	0.025821
2888	0.409954	0.025805
2889	0.409894	0.025825
2890	0.410027	0.025762
2891	0.409940	0.025816
2892	0.409633	0.025802
2893	0.409498	0.025820
2894	0.409556	0.025741
2895	0.409544	0.025775
2896	0.409426	0.025873
2897	0.409396	0.025824
2898	0.409327	0.025751
2899	0.409248	0.025788
2900	0.409081	0.025831
2901	0.409200	0.025813
2902	0.409037	0.025786
2903	0.408774	0.025733
2904	0.408785	0.025800
2905	0.408783	0.025758
2906	0.408662	0.025761
2907	0.408611	0.025809
2908	0.408559	0.025758
2909	0.408489	0.025718
2910	0.408192	0.025746
2911	0.408428	0.025796
2912	0.408219	0.025749
2913	0.408124	0.025735
2914	0.408065	0.025705
2915	0.408065	0.025730
2916	0.407728	0.025730
2917	0.407739	0.025802
2918	0.407687	0.025832
2919	0.407658	0.025818
2920	0.407629	0.025767
2921	0.407537	0.025737
2922	0.407456	0.025805
2923	0.407509	0.025747
2924	0.407261	0.025764
2925	0.407244	0.025788
2926	0.407134	0.025751
2927	0.407137	0.025720
2928	0.406938	0.025764
2929	0.406682	0.025794
2930	0.406923	0.025752
2931	0.406723	0.025745
2932	0.406784	0.025766
2933	0.406574	0.025737
2934	0.406702	0.025780
2935	0.406531	0.025736
2936	0.406401	0.025729
2937	0.406318	0.025790
2938	0.406213	0.025776
2939	0.406071	0.025777
2940	0.405937	0.025746
2941	0.405977	0.025713
2942	0.406011	0.025757
2943	0.405746	0.025739
2944	0.405853	0.025760
2945	0.405791	0.025748
2946	0.405638	0.025720
2947	0.405661	0.025720
2948	0.405563	0.025699
2949	0.405211	0.025726
2950	0.405219	0.025714
2951	0.405256	0.025715
2952	0.405220	0.025711
2953	0.405197	0.025717
2954	0.404927	0.025760
2955	0.405098	0.025710
2956	0.404892	0.025738
2957	0.404679	0.025756
2958	0.404669	0.025703
2959	0.404653	0.025732
2960	0.404562	0.025706
2961	0.404518	0.025775
2962	0.404307	0.025745
2963	0.404350	0.025711
2964	0.404286	0.025683
2965	0.404219	0.025778
2966	0.404168	0.025718
2967	0.403945	0.025778
2968	0.403999	0.025756
2969	0.403944	0.025745
2970	0.404095	0.025793
2971	0.403750	0.025745
2972	0.403825	0.025735
2973	0.403561	0.025782
2974	0.403440	0.025783
2975	0.403495	0.025715
2976	0.403134	0.025717
2977	0.403306	0.025703
2978	0.403178	0.025710
2979	0.403278	0.025727
2980	0.403067	0.025672
2981	0.403155	0.025735
2982	0.402767	0.025711
2983	0.402970	0.025681
2984	0.402820	0.025691
2985	0.402746	0.025694
2986	0.402775	0.025758
2987	0.402521	0.025719
2988	0.402507	0.025742
2989	0.402341	0.025690
2990	0.402381	0.025712
2991	0.402444	0.025700
2992	0.402295	0.025707
2993	0.402184	0.025627
2994	0.402112	0.025728
2995	0.402131	0.025696
2996	0.401924	0.025703
2997	0.401811	0.025679
2998	0.401904	0.025680
2999	0.401581	0.025720
3000	0.401856	0.025734
3001	0.401571	0.025673
3002	0.401567	0.025705
3003	0.401482	0.025682
3004	0.401328	0.025712
3005	0.401506	0.025719
3006	0.401271	0.025655
3007	0.401131	0.025693
3008	0.401182	0.025731
3009	0.400939	0.025718
3010	0.400988	0.025715
3011	0.400882	0.025756
3012	0.400668	0.025708
3013	0.400673	0.025622
3014	0.400629	0.025701
3015	0.400448	0.025656
3016	0.400515	0.025630
3017	0.400545	0.025692
3018	0.400313	0.025647
3019	0.400488	0.025638
3020	0.400237	0.025707
3021	0.400194	0.025677
3022	0.400274	0.025655
3023	0.400041	0.025686
3024	0.400024	0.025632
3025	0.399792	0.025712
3026	0.400000	0.025719
3027	0.399953	0.025696
3028	0.399745	0.025665
3029	0.399662	0.025642
3030	0.399594	0.025628
3031	0.399589	0.025691
3032	0.399535	0.025675
3033	0.399195	0.025628
3034	0.399278	0.025657
3035	0.399273	0.025650
3036	0.399224	0.025711
3037	0.398910	0.025630
3038	0.398977	0.025654
3039	0.398731	0.025654
3040	0.398935	0.025676
3041	0.398888	0.025703
3042	0.398745	0.025667
3043	0.398739	0.025686
3044	0.398656	0.025642
3045	0.398547	0.025718
3046	0.398474	0.025634
3047	0.398480	0.025629
3048	0.398442	0.025698
3049	0.398425	0.025666
3050	0.398339	0.025601
3051	0.397882	0.025573
3052	0.398079	0.025641
3053	0.398115	0.025654
3054	0.397677	0.025638
3055	0.398026	0.025676
3056	0.397626	0.025656
3057	0.397782	0.025619
3058	0.397670	0.025617
3059	0.397738	0.025656
3060	0.397414	0.025607
3061	0.397453	0.025657
3062	0.397134	0.025669
3063	0.397222	0.025580
3064	0.397130	0.025618
3065	0.397183	0.025616
3066	0.396808	0.025591
3067	0.397147	0.025681
3068	0.397125	0.025621
3069	0.396979	0.025653
3070	0.396793	0.025655
3071	0.396631	0.025584
3072	0.396558	0.025608
3073	0.396650	0.025605
3074	0.396595	0.025615
3075	0.396243	0.025612
3076	0.396487	0.025595
3077	0.396344	0.025612
3078	0.396254	0.025616
3079	0.396406	0.025603
3080	0.396140	0.025633
3081	0.395956	0.025625
3082	0.396026	0.025575
3083	0.395982	0.025644
3084	0.396021	0.025620
3085	0.395792	0.025624
3086	0.395541	0.025647
3087	0.395783	0.025648
3088	0.395556	0.025556
3089	0.395304	0.025576
3090	0.395632	0.025641
3091	0.395515	0.025540
3092	0.395369	0.025568
3093	0.395353	0.025558
3094	0.395336	0.025607
3095	0.395064	0.025597
3096	0.395141	0.025572
3097	0.394994	0.025558
3098	0.395128	0.025604
3099	0.394880	0.025554
3100	0.394847	0.025565
3101	0.394907	0.025594
3102	0.394749	0.025612
3103	0.394880	0.025610
3104	0.394512	0.025561
3105	0.394649	0.025530
3106	0.394332	0.025632
3107	0.394398	0.025649
3108	0.394371	0.025606
3109	0.394522	0.025536
3110	0.394179	0.025544
3111	0.394122	0.025634
3112	0.394194	0.025569
3113	0.394072	0.025606
3114	0.394060	0.025596
3115	0.393945	0.025573
3116	0.393773	0.025536
3117	0.393829	0.025531
3118	0.393832	0.025538
3119	0.393691	0.025547
3120	0.393669	0.025596
3121	0.393617	0.025597
3122	0.393638	0.025594
3123	0.393410	0.025530
3124	0.393288	0.025476
3125	0.393359	0.025555
3126	0.393287	0.025529
3127	0.393285	0.025551
3128	0.393044	0.025531
3129	0.392978	0.025535
3130	0.393056	0.025566
3131	0.393031	0.025554
3132	0.392844	0.025565
3133	0.392768	0.025532
3134	0.392960	0.025521
3135	0.392831	0.025525
3136	0.392791	0.025513
3137	0.392604	0.025455
3138	0.392551	0.025516
3139	0.392416	0.025466
3140	0.392348	0.025481
3141	0.392296	0.025526
3142	0.392383	0.025440
3143	0.392204	0.025526
3144	0.391995	0.025533
3145	0.392097	0.025522
3146	0.392138	0.025521
3147	0.391863	0.025492
3148	0.391897	0.025497
3149	0.391776	0.025482
3150	0.391663	0.025425
3151	0.391601	0.025447
3152	0.391845	0.025460
3153	0.391622	0.025430
3154	0.391628	0.025563
3155	0.391390	0.025439
3156	0.391213	0.025515
3157	0.391110	0.025529
3158	0.391291	0.025481
3159	0.391337	0.025509
3160	0.391156	0.025442
3161	0.391257	0.025482
3162	0.391288	0.025446
3163	0.391175	0.025406
3164	0.390844	0.025447
3165	0.391092	0.025452
3166	0.390713	0.025398
3167	0.390760	0.025456
3168	0.390664	0.025468
3169	0.390541	0.025419
3170	0.390607	0.025437
3171	0.390346	0.025363
3172	0.390573	0.025434
3173	0.390445	0.025454
3174	0.390272	0.025444
3175	0.390257	0.025377
3176	0.390349	0.025452
3177	0.390156	0.025450
3178	0.390149	0.025413
3179	0.390256	0.025446
3180	0.390093	0.025397
3181	0.390105	0.025409
3182	0.389989	0.025358
3183	0.390058	0.025466
3184	0.390023	0.025431
3185	0.389847	0.025464
3186	0.389890	0.025371
3187	0.389703	0.025449
3188	0.389575	0.025368
3189	0.389657	0.025342
3190	0.389590	0.025434
3191	0.389384	0.025405
3192	0.389369	0.025376
3193	0.389324	0.025378
3194	0.389062	0.025423
3195	0.389308	0.025386
3196	0.389193	0.025356
3197	0.389019	0.025356
3198	0.389016	0.025352
3199	0.389035	0.025352
3200	0.389025	0.025369
3201	0.388825	0.025408
3202	0.388702	0.025388
3203	0.388937	0.025371
3204	0.388720	0.025333
3205	0.388619	0.025325
3206	0.388601	0.025322
3207	0.388523	0.025303
3208	0.388535	0.025311
3209	0.388452	0.025323
3210	0.388236	0.025359
3211	0.387971	0.025310
3212	0.388322	0.025325
3213	0.388142	0.025319
3214	0.388193	0.025293
3215	0.388066	0.025366
3216	0.388056	0.025252
3217	0.388004	0.025324
3218	0.388057	0.025244
3219	0.387787	0.025340
3220	0.387881	0.025289
3221	0.387806	0.025327
3222	0.387695	0.025345
3223	0.387478	0.025275
3224	0.387489	0.025283
3225	0.387514	0.025315
3226	0.387451	0.025330
3227	0.387283	0.025286
3228	0.387457	0.025304
3229	0.387200	0.025276
3230	0.387232	0.025207
3231	0.387238	0.025238
3232	0.387025	0.025309
3233	0.387102	0.025334
3234	0.386917	0.025210
3235	0.386736	0.025285
3236	0.386917	0.025241
3237	0.386818	0.025244
3238	0.386645	0.025288
3239	0.386674	0.025231
3240	0.386834	0.025248
3241	0.386448	0.025307
3242	0.386506	0.025243
3243	0.386572	0.025251
3244	0.386715	0.025178
3245	0.386365	0.025243
3246	0.386209	0.025203
3247	0.386511	0.025231
3248	0.386312	0.025194
3249	0.386216	0.025199
3250	0.386157	0.025173
3251	0.385932	0.025211
3252	0.386127	0.025185
3253	0.385837	0.025203
3254	0.385984	0.025172
3255	0.385782	0.025210
3256	0.385932	0.025207
3257	0.385786	0.025232
3258	0.385577	0.025185
3259	0.385687	0.025236
3260	0.385598	0.025192
3261	0.385526	0.025204
3262	0.385613	0.025203
3263	0.385479	0.025172
3264	0.385587	0.025226
3265	0.385291	0.025124
3266	0.385206	0.025186
3267	0.385252	0.025161
3268	0.385189	0.025113
3269	0.385175	0.025157
3270	0.384904	0.025138
3271	0.384951	0.025176
3272	0.385001	0.025154
3273	0.385029	0.025178
3274	0.384856	0.025083
3275	0.385124	0.025147
3276	0.384692	0.025205
3277	0.384673	0.025087
3278	0.384680	0.025084
3279	0.384624	0.025124
3280	0.384728	0.025127
3281	0.384473	0.025136
3282	0.384307	0.025119
3283	0.384360	0.025153
3284	0.384443	0.025079
3285	0.384308	0.025096
3286	0.384230	0.025116
3287	0.384175	0.025119
3288	0.384033	0.025128
3289	0.383931	0.025087
3290	0.384055	0.025128
3291	0.383996	0.025094
3292	0.383878	0.025096
3293	0.383938	0.025048
3294	0.383837	0.025081
3295	0.383914	0.025080
3296	0.383789	0.025072
3297	0.383615	0.025062
3298	0.383631	0.025122
3299	0.383259	0.025021
3300	0.383595	0.025098
3301	0.383605	0.025058
3302	0.383414	0.024998
3303	0.383243	0.025034
3304	0.383238	0.025031
3305	0.383326	0.025026
3306	0.383126	0.024983
3307	0.383226	0.025014
3308	0.383442	0.025032
3309	0.383055	0.024994
3310	0.383065	0.024964
3311	0.382800	0.025042
3312	0.382812	0.024987
3313	0.382856	0.024963
3314	0.382734	0.025026
3315	0.382801	0.024970
3316	0.382833	0.025015
3317	0.382599	0.025000
3318	0.382453	0.025023
3319	0.382489	0.024967
3320	0.382398	0.024909
3321	0.382186	0.024918
3322	0.382360	0.024886
3323	0.382244	0.025018
3324	0.382346	0.024964
3325	0.382013	0.025032
3326	0.382127	0.024905
3327	0.382076	0.024900
3328	0.381809	0.024944
3329	0.382089	0.024958
3330	0.381913	0.024894
3331	0.382038	0.024943
3332	0.381729	0.024987
3333	0.381715	0.024947
3334	0.381764	0.024899
3335	0.381712	0.024940
3336	0.381545	0.024869
3337	0.381278	0.024841
3338	0.381730	0.024864
3339	0.381327	0.024876
3340	0.381531	0.024882
3341	0.381338	0.024873
3342	0.381162	0.024864
3343	0.381481	0.024857
3344	0.381035	0.024861
3345	0.381273	0.024884
3346	0.381127	0.024842
3347	0.380917	0.024910
3348	0.380777	0.024867
3349	0.381004	0.024806
3350	0.381050	0.024831
3351	0.380993	0.024864
3352	0.380898	0.024895
3353	0.380644	0.024802
3354	0.380649	0.024839
3355	0.380676	0.024861
3356	0.380378	0.024864
3357	0.380338	0.024827
3358	0.380628	0.024825
3359	0.380413	0.024802
3360	0.380344	0.024789
3361	0.380075	0.024845
3362	0.380222	0.024812
3363	0.380236	0.024804
3364	0.380127	0.024815
3365	0.379993	0.024777
3366	0.380030	0.024745
3367	0.379963	0.024743
3368	0.380001	0.024710
3369	0.379869	0.024792
3370	0.380177	0.024833
3371	0.379870	0.024771
3372	0.379777	0.024788
3373	0.379614	0.024757
3374	0.379652	0.024776
3375	0.379389	0.024767
3376	0.379573	0.024776
3377	0.379298	0.024777
3378	0.379548	0.024689
3379	0.379390	0.024706
3380	0.379343	0.024745
3381	0.379268	0.024741
3382	0.379216	0.024760
3383	0.379155	0.024768
3384	0.379202	0.024702
3385	0.379209	0.024722
3386	0.378975	0.024750
3387	0.378982	0.024675
3388	0.379104	0.024697
3389	0.378932	0.024708
3390	0.379047	0.024712
3391	0.378878	0.024742
3392	0.378743	0.024680
3393	0.378643	0.024745
3394	0.378599	0.024637
3395	0.378706	0.024653
3396	0.378620	0.024665
3397	0.378512	0.024619
3398	0.378423	0.024682
3399	0.378290	0.024602
3400	0.378200	0.024663
3401	0.378134	0.024601
3402	0.378148	0.024680
3403	0.378098	0.024619
3404	0.378035	0.024615
3405	0.377966	0.024581
3406	0.378282	0.024607
3407	0.377990	0.024618
3408	0.377925	0.024575
3409	0.377920	0.024639
3410	0.377653	0.024578
3411	0.377568	0.024606
3412	0.377730	0.024568
3413	0.377652	0.024558
3414	0.377575	0.024607
3415	0.377286	0.024556
3416	0.377487	0.024588
3417	0.377482	0.024588
3418	0.377370	0.024551
3419	0.377328	0.024569
3420	0.377246	0.024569
3421	0.377237	0.024623
3422	0.377349	0.024559
3423	0.377114	0.024544
3424	0.377171	0.024550
3425	0.377034	0.024582
3426	0.377257	0.024555
3427	0.376984	0.024466
3428	0.376858	0.024577
3429	0.376965	0.024539
3430	0.376813	0.024472
3431	0.376638	0.024546
3432	0.376818	0.024505
3433	0.376675	0.024518
3434	0.376586	0.024510
3435	0.376692	0.024486
3436	0.376554	0.024465
3437	0.376609	0.024423
3438	0.376376	0.024438
3439	0.376524	0.024473
3440	0.376538	0.024471
3441	0.376198	0.024442
3442	0.376206	0.024444
3443	0.376221	0.024402
3444	0.375890	0.024420
3445	0.376144	0.024453
3446	0.375995	0.024449
3447	0.376131	0.024414
3448	0.376056	0.024443
3449	0.376002	0.024442
3450	0.375814	0.024431
3451	0.375751	0.024415
3452	0.375863	0.024434
3453	0.375670	0.024424
3454	0.375639	0.024424
3455	0.375628	0.024436
3456	0.375383	0.024390
3457	0.375451	0.024378
3458	0.375504	0.024370
3459	0.375423	0.024412
3460	0.375308	0.024350
3461	0.375367	0.024415
3462	0.375228	0.024442
3463	0.375166	0.024401
3464	0.375215	0.024336
3465	0.375075	0.024372
3466	0.374896	0.024350
3467	0.375070	0.024332
3468	0.374952	0.024309
3469	0.374892	0.024413
3470	0.374880	0.024303
3471	0.374740	0.024331
3472	0.374689	0.024316
3473	0.374583	0.024351
3474	0.374674	0.024235
3475	0.374559	0.024302
3476	0.374497	0.024315
3477	0.374353	0.024292
3478	0.374531	0.024331
3479	0.374411	0.024329
3480	0.374282	0.024289
3481	0.374316	0.024326
3482	0.374153	0.024322
3483	0.374385	0.024295
3484	0.374262	0.024275
3485	0.374121	0.024280
3486	0.373900	0.024320
3487	0.374002	0.024251
3488	0.373825	0.024294
3489	0.373811	0.024262
3490	0.374137	0.024250
3491	0.373629	0.024236
3492	0.373855	0.024290
3493	0.373563	0.024247
3494	0.373824	0.024205
3495	0.373622	0.024221
3496	0.373551	0.024234
3497	0.373435	0.024232
3498	0.373465	0.024200
3499	0.373383	0.024210
3500	0.373215	0.024193
3501	0.373496	0.024225
3502	0.373103	0.024184
3503	0.373203	0.024181
3504	0.373301	0.024096
3505	0.373047	0.024154
3506	0.373019	0.024199
3507	0.373083	0.024155
3508	0.373007	0.024147
3509	0.373095	0.024219
3510	0.373091	0.024199
3511	0.372772	0.024213
3512	0.372765	0.024112
3513	0.372820	0.024099
3514	0.372839	0.024121
3515	0.372625	0.024095
3516	0.372716	0.024149
3517	0.372564	0.024111
3518	0.372604	0.024107
3519	0.372557	0.024110
3520	0.372405	0.024130
3521	0.372377	0.024187
3522	0.372025	0.024107
3523	0.372057	0.024142
3524	0.372278	0.024133
3525	0.372016	0.024079
3526	0.372216	0.024065
3527	0.371853	0.024076
3528	0.372102	0.024105
3529	0.371781	0.024148
3530	0.371760	0.024079
3531	0.371988	0.024062
3532	0.371909	0.024029
3533	0.371794	0.024112
3534	0.371885	0.024079
3535	0.371572	0.024097
3536	0.371633	0.024043
3537	0.371656	0.024069
3538	0.371605	0.024013
3539	0.371527	0.024098
3540	0.371393	0.024079
3541	0.371350	0.023999
3542	0.371507	0.024072
3543	0.371567	0.024056
3544	0.371139	0.024028
3545	0.371435	0.024009
3546	0.371339	0.024042
3547	0.371098	0.024012
3548	0.371219	0.024009
3549	0.371111	0.023998
3550	0.370862	0.023938
3551	0.370741	0.023924
3552	0.370853	0.024002
3553	0.370582	0.023950
3554	0.370623	0.023931
3555	0.370826	0.023952
3556	0.370550	0.023973
3557	0.370796	0.023963
3558	0.370411	0.023937
3559	0.370509	0.023900
3560	0.370507	0.023969
3561	0.370412	0.023912
3562	0.370508	0.023967
3563	0.370465	0.023911
3564	0.370228	0.023942
3565	0.370098	0.023922
3566	0.370124	0.023933
3567	0.370166	0.023904
3568	0.370216	0.023943
3569	0.370104	0.023908
3570	0.369941	0.023829
3571	0.370024	0.023850
3572	0.369874	0.023873
3573	0.369883	0.023868
3574	0.369752	0.023895
3575	0.369683	0.023875
3576	0.369749	0.023875
3577	0.369636	0.023868
3578	0.369781	0.023824
3579	0.369527	0.023815
3580	0.369588	0.023815
3581	0.369440	0.023837
3582	0.369605	0.023877
3583	0.369104	0.023833
3584	0.369418	0.023780
3585	0.369297	0.023841
3586	0.369043	0.023855
3587	0.369148	0.023825
3588	0.369333	0.023772
3589	0.368788	0.023830
3590	0.368917	0.023800
3591	0.369068	0.023773
3592	0.369022	0.023762
3593	0.369015	0.023709
3594	0.368929	0.023812
3595	0.368967	0.023796
3596	0.368696	0.023742
3597	0.368727	0.023781
3598	0.368807	0.023847
3599	0.368579	0.023840
3600	0.368636	0.023720
3601	0.368634	0.023709
3602	0.368627	0.023742
3603	0.368534	0.023780
3604	0.368478	0.023750
3605	0.368258	0.023746
3606	0.368310	0.023702
3607	0.368128	0.023655
3608	0.368112	0.023742
3609	0.368105	0.023685
3610	0.368067	0.023746
3611	0.367989	0.023742
3612	0.368029	0.023655
3613	0.368083	0.023647
3614	0.367777	0.023745
3615	0.367963	0.023655
3616	0.367988	0.023697
3617	0.367785	0.023712
3618	0.367451	0.023668
3619	0.367766	0.023691
3620	0.367641	0.023638
3621	0.367620	0.023603
3622	0.367363	0.023631
3623	0.367497	0.023643
3624	0.367254	0.023609
3625	0.367532	0.023638
3626	0.367356	0.023658
3627	0.367349	0.023607
3628	0.367219	0.023582
3629	0.367208	0.023603
3630	0.367175	0.023620
3631	0.367337	0.023610
3632	0.367215	0.023597
3633	0.367200	0.023630
3634	0.367098	0.023660
3635	0.367067	0.023631
3636	0.367034	0.023605
3637	0.366824	0.023595
3638	0.366918	0.023533
3639	0.366821	0.023592
3640	0.366788	0.023569
3641	0.366894	0.023596
3642	0.366637	0.023562
3643	0.366444	0.023543
3644	0.366383	0.023583
3645	0.366641	0.023567
3646	0.366531	0.023496
3647	0.366395	0.023560
3648	0.366425	0.023569
3649	0.366282	0.023561
3650	0.366398	0.023497
3651	0.366236	0.023532
3652	0.366166	0.023499
3653	0.366238	0.023511
3654	0.366086	0.023535
3655	0.366058	0.023517
3656	0.365974	0.023477
3657	0.365944	0.023500
3658	0.365903	0.023469
3659	0.365623	0.023470
3660	0.365836	0.023516
3661	0.365959	0.023525
3662	0.365799	0.023421
3663	0.365820	0.023507
3664	0.365824	0.023482
3665	0.365812	0.023439
3666	0.365699	0.023438
3667	0.365552	0.023499
3668	0.365200	0.023429
3669	0.365406	0.023431
3670	0.365233	0.023460
3671	0.365616	0.023482
3672	0.365262	0.023447
3673	0.365276	0.023457
3674	0.365144	0.023399
3675	0.365439	0.023436
3676	0.365276	0.023367
3677	0.365125	0.023361
3678	0.365111	0.023416
3679	0.365040	0.023338
3680	0.364873	0.023444
3681	0.364782	0.023370
3682	0.364813	0.023345
3683	0.364762	0.023379
3684	0.364806	0.023318
3685	0.364706	0.023390
3686	0.364705	0.023352
3687	0.364619	0.023348
3688	0.364518	0.023335
3689	0.364475	0.023394
3690	0.364480	0.023351
3691	0.364435	0.023313
3692	0.364513	0.023343
3693	0.364133	0.023334
3694	0.364086	0.023347
3695	0.364264	0.023347
3696	0.364227	0.023302
3697	0.364156	0.023385
3698	0.364087	0.023379
3699	0.364124	0.023319
3700	0.364113	0.023316
3701	0.364018	0.023286
3702	0.363957	0.023283
3703	0.363927	0.023307
3704	0.363966	0.023246
3705	0.363742	0.023270
3706	0.363666	0.023269
3707	0.363499	0.023284
3708	0.363479	0.023264
3709	0.363665	0.023250
3710	0.363730	0.023310
3711	0.363303	0.023274
3712	0.363609	0.023295
3713	0.363413	0.023229
3714	0.363420	0.023232
3715	0.363424	0.023227
3716	0.363253	0.023243
3717	0.363161	0.023240
3718	0.362951	0.023257
3719	0.363107	0.023185
3720	0.363024	0.023232
3721	0.363174	0.023180
3722	0.363077	0.023240
3723	0.362894	0.023209
3724	0.362772	0.023169
3725	0.362831	0.023202
3726	0.363004	0.023144
3727	0.362754	0.023162
3728	0.362707	0.023171
3729	0.362864	0.023116
3730	0.362730	0.023217
3731	0.362442	0.023156
3732	0.362655	0.023168
3733	0.362291	0.023138
3734	0.362460	0.023105
3735	0.362619	0.023184
3736	0.362475	0.023157
3737	0.362439	0.023200
3738	0.362126	0.023154
3739	0.362304	0.023150
3740	0.362156	0.023156
3741	0.362136	0.023161
3742	0.362191	0.023145
3743	0.362200	0.023116
3744	0.362102	0.023111
3745	0.361953	0.023095
3746	0.361848	0.023156
3747	0.362078	0.023071
3748	0.361888	0.023084
3749	0.361783	0.023114
3750	0.361770	0.023074
3751	0.361562	0.023068
3752	0.362015	0.023065
3753	0.361730	0.023055
3754	0.361579	0.023000
3755	0.361410	0.023104
3756	0.361391	0.023031
3757	0.361844	0.023080
3758	0.361421	0.023062
3759	0.361372	0.023036
3760	0.361231	0.023009
3761	0.361355	0.023001
3762	0.360963	0.023089
3763	0.361242	0.022991
3764	0.361311	0.023022
3765	0.361357	0.023056
3766	0.361081	0.023017
3767	0.361044	0.023021
3768	0.360972	0.023001
3769	0.361004	0.022948
3770	0.360739	0.023011
3771	0.361004	0.022960
3772	0.360790	0.023069
3773	0.360766	0.022957
3774	0.360748	0.022919
3775	0.360459	0.023006
3776	0.360668	0.022968
3777	0.360627	0.022969
3778	0.360452	0.022990
3779	0.360604	0.022914
3780	0.360518	0.022954
3781	0.360329	0.022967
3782	0.360423	0.022949
3783	0.360459	0.022958
3784	0.360120	0.022928
3785	0.360242	0.022927
3786	0.360281	0.022869
3787	0.360318	0.022927
3788	0.360050	0.022890
3789	0.360091	0.022899
3790	0.359992	0.022914
3791	0.360148	0.022897
3792	0.359870	0.022868
3793	0.359989	0.022891
3794	0.359769	0.022857
3795	0.360040	0.022867
3796	0.359731	0.022901
3797	0.359721	0.022892
3798	0.359551	0.022914
3799	0.360008	0.022905
3800	0.359707	0.022869
3801	0.359671	0.022833
3802	0.359506	0.022901
3803	0.359405	0.022847
3804	0.359460	0.022829
3805	0.359348	0.022855
3806	0.359225	0.022836
3807	0.359288	0.022879
3808	0.359173	0.022807
3809	0.359021	0.022848
3810	0.359236	0.022793
3811	0.358920	0.022809
3812	0.359121	0.022780
3813	0.358816	0.022835
3814	0.358909	0.022839
3815	0.359082	0.022795
3816	0.358928	0.022791
3817	0.359172	0.022734
3818	0.359026	0.022775
3819	0.359037	0.022749
3820	0.358652	0.022813
3821	0.358751	0.022749
3822	0.358755	0.022811
3823	0.358872	0.022732
3824	0.358632	0.022736
3825	0.358491	0.022677
3826	0.358266	0.022818
3827	0.358477	0.022761
3828	0.358494	0.022732
3829	0.358420	0.022756
3830	0.358378	0.022761
3831	0.358443	0.022734
3832	0.358156	0.022736
3833	0.358116	0.022711
3834	0.358159	0.022677
3835	0.358036	0.022668
3836	0.358139	0.022663
3837	0.358141	0.022673
3838	0.358112	0.022707
3839	0.358036	0.022709
3840	0.357685	0.022714
3841	0.357657	0.022682
3842	0.357819	0.022692
3843	0.357977	0.022645
3844	0.357868	0.022704
3845	0.357859	0.022632
3846	0.357556	0.022609
3847	0.357676	0.022662
3848	0.357422	0.022600
3849	0.357341	0.022692
3850	0.357524	0.022668
3851	0.357757	0.022632
3852	0.357566	0.022689
3853	0.357138	0.022569
3854	0.357467	0.022651
3855	0.357428	0.022571
3856	0.357276	0.022604
3857	0.357468	0.022642
3858	0.357232	0.022656
3859	0.357256	0.022628
3860	0.357292	0.022619
3861	0.357140	0.022656
3862	0.356999	0.022588
3863	0.356925	0.022610
3864	0.357102	0.022575
3865	0.356825	0.022615
3866	0.356910	0.022610
3867	0.356692	0.022625
3868	0.356781	0.022665
3869	0.356639	0.022587
3870	0.356540	0.022563
3871	0.356400	0.022604
3872	0.356553	0.022542
3873	0.356693	0.022546
3874	0.356672	0.022584
3875	0.356419	0.022609
3876	0.356441	0.022548
3877	0.356445	0.022607
3878	0.356403	0.022540
3879	0.356326	0.022506
3880	0.356427	0.022592
3881	0.356187	0.022535
3882	0.356042	0.022517
3883	0.356165	0.022530
3884	0.356152	0.022488
3885	0.356092	0.022562
3886	0.355870	0.022566
3887	0.356153	0.022522
3888	0.355815	0.022531
3889	0.355935	0.022503
3890	0.356070	0.022532
3891	0.355815	0.022581
3892	0.355723	0.022478
3893	0.356107	0.022514
3894	0.355647	0.022540
3895	0.355979	0.022454
3896	0.355949	0.022453
3897	0.355803	0.022422
3898	0.355602	0.022541
3899	0.355710	0.022463
3900	0.355478	0.022514
3901	0.355449	0.022480
3902	0.355582	0.022481
3903	0.355464	0.022471
3904	0.355284	0.022477
3905	0.355392	0.022446
3906	0.355374	0.022483
3907	0.355457	0.022454
3908	0.355229	0.022460
3909	0.355303	0.022433
3910	0.355218	0.022442
3911	0.355348	0.022433
3912	0.355233	0.022437
3913	0.355108	0.022434
3914	0.355051	0.022457
3915	0.354946	0.022445
3916	0.354890	0.022357
3917	0.355089	0.022362
3918	0.354891	0.022424
3919	0.354746	0.022484
3920	0.354592	0.022426
3921	0.354788	0.022380
3922	0.354717	0.022453
3923	0.354679	0.022399
3924	0.354457	0.022381
3925	0.354517	0.022421
3926	0.354336	0.022412
3927	0.354586	0.022400
3928	0.354411	0.022332
3929	0.354685	0.022330
3930	0.354302	0.022403
3931	0.354270	0.022316
3932	0.354123	0.022383
3933	0.354278	0.022309
3934	0.354245	0.022325
3935	0.354126	0.022359
3936	0.354063	0.022432
3937	0.354066	0.022333
3938	0.354116	0.022363
3939	0.353975	0.022280
3940	0.353822	0.022394
3941	0.353875	0.022331
3942	0.354034	0.022337
3943	0.353992	0.022311
3944	0.353865	0.022281
3945	0.353687	0.022310
3946	0.353668	0.022372
3947	0.353630	0.022296
3948	0.353597	0.022288
3949	0.353557	0.022348
3950	0.353682	0.022314
3951	0.353426	0.022223
3952	0.353600	0.022241
3953	0.353483	0.022333
3954	0.353378	0.022312
3955	0.353550	0.022247
3956	0.353256	0.022303
3957	0.353303	0.022229
3958	0.353264	0.022333
3959	0.353301	0.022288
3960	0.353124	0.022248
3961	0.353368	0.022322
3962	0.353034	0.022329
3963	0.353008	0.022332
3964	0.353192	0.022249
3965	0.353067	0.022277
3966	0.352970	0.022228
3967	0.352850	0.022241
3968	0.352778	0.022253
3969	0.352818	0.022246
3970	0.352628	0.022257
3971	0.352925	0.022239
3972	0.352740	0.022254
3973	0.352672	0.022246
3974	0.352584	0.022209
3975	0.352387	0.022251
3976	0.352705	0.022207
3977	0.352360	0.022231
3978	0.352581	0.022216
3979	0.352318	0.022219
3980	0.352308	0.022173
3981	0.352357	0.022242
3982	0.352098	0.022231
3983	0.352571	0.022181
3984	0.352258	0.022209
3985	0.352258	0.022186
3986	0.352480	0.022227
3987	0.352123	0.022209
3988	0.351936	0.022235
3989	0.352269	0.022175
3990	0.352222	0.022187
3991	0.351978	0.022179
3992	0.352038	0.022200
3993	0.351897	0.022169
3994	0.351624	0.022148
3995	0.351858	0.022129
3996	0.352039	0.022167
3997	0.351809	0.022168
3998	0.351724	0.022210
3999	0.351490	0.022170
4000	0.351459	0.022202
