#Tensor product hilbert space dimension: 4; Number of simulations: 10;
#Separable DMs were read from: /home/julio/Documents/my_projects/TFM/code/entanglement_2x2/input_data/received_from_DM/pure_states/separable.txt; Entangled DMs were read from: /home/julio/Documents/my_projects/TFM/code/entanglement_2x2/input_data/generated/pure_states/negativity_(0.0, 0.1).txt;
#Architecture of the MLP: [64, 32, 16, 8, 1]; Number of epochs: 4000; Fraction of DMs used for training: 0.8;
#Activation function in the hidden layers: relu; Activation function in the output layer: sigmoid; Loss function: binary_crossentropy;
#Batch size: 40; Test tolerance: 0.5; DMs were read with redundancy: False;
#Sucess rate averaged over every simulation and over every sample in the test set: 87.605%
#Sample standard deviation for averaged success rate: 0.2599826797115525%
#Same average success rate for supplementary tests: [0.96415, 0.97811, 0.98095, 0.9809900000000001, 0.9809, 0.9212050000000002, 0.9376700000000001, 0.9404899999999999, 0.9408850000000001, 0.94096]%
#Sample STD for averaged success rate in supplementary tests: [0.0006653862600024252, 0.00041885724895243643, 0.0004038624456420744, 0.00040401855774208767, 0.00040374434980566576, 0.0007293095356225565, 0.000721247915074973, 0.0007224804461021805, 0.0007224927949467771, 0.0007225399089323747]%
#Epoch	Loss	Sample STD
1	0.692741	0.000060
2	0.690612	0.000140
3	0.688325	0.000234
4	0.686343	0.000323
5	0.684341	0.000433
6	0.682249	0.000511
7	0.680669	0.000520
8	0.678762	0.000567
9	0.677367	0.000565
10	0.675299	0.000642
11	0.673650	0.000628
12	0.671713	0.000690
13	0.669661	0.000793
14	0.667449	0.000986
15	0.664770	0.001194
16	0.661856	0.001559
17	0.658556	0.001861
18	0.654603	0.002327
19	0.650353	0.002860
20	0.645446	0.003304
21	0.639243	0.004052
22	0.633053	0.004722
23	0.625637	0.005453
24	0.617346	0.006399
25	0.609250	0.007214
26	0.599659	0.007989
27	0.590333	0.008518
28	0.580109	0.009275
29	0.568916	0.009859
30	0.558120	0.010070
31	0.545592	0.010649
32	0.532575	0.010882
33	0.519792	0.010960
34	0.506926	0.011002
35	0.492972	0.010956
36	0.481226	0.011224
37	0.468961	0.011533
38	0.457246	0.011692
39	0.447168	0.011880
40	0.435974	0.011841
41	0.425425	0.011829
42	0.416301	0.011647
43	0.408784	0.011700
44	0.398969	0.011700
45	0.391087	0.011155
46	0.383722	0.011262
47	0.377380	0.011150
48	0.369343	0.011100
49	0.363540	0.011079
50	0.356520	0.010721
51	0.350718	0.010940
52	0.345573	0.010305
53	0.339621	0.010150
54	0.334382	0.010376
55	0.330666	0.009861
56	0.325977	0.010211
57	0.320829	0.009612
58	0.316363	0.009735
59	0.313044	0.009418
60	0.307653	0.009265
61	0.304300	0.009291
62	0.301474	0.009084
63	0.296396	0.009185
64	0.293393	0.008895
65	0.290910	0.009039
66	0.287252	0.008808
67	0.283684	0.008900
68	0.280390	0.008589
69	0.278472	0.008664
70	0.275849	0.008650
71	0.272653	0.008455
72	0.270250	0.008738
73	0.267836	0.008609
74	0.265492	0.008509
75	0.263737	0.008372
76	0.260835	0.008494
77	0.259476	0.008394
78	0.255693	0.008343
79	0.253934	0.008197
80	0.251626	0.007951
81	0.250064	0.008163
82	0.248246	0.008620
83	0.245605	0.008119
84	0.245431	0.008122
85	0.243865	0.008287
86	0.241723	0.008282
87	0.239472	0.008394
88	0.236955	0.007926
89	0.235221	0.007914
90	0.234047	0.008082
91	0.232584	0.008037
92	0.230549	0.007760
93	0.229133	0.008117
94	0.227322	0.008035
95	0.227120	0.007949
96	0.224936	0.007647
97	0.223440	0.007587
98	0.221611	0.007627
99	0.219565	0.007684
100	0.218398	0.007640
101	0.216808	0.007812
102	0.214564	0.007697
103	0.214286	0.007384
104	0.213038	0.007386
105	0.210845	0.007687
106	0.210975	0.007349
107	0.209748	0.007299
108	0.207719	0.007583
109	0.206422	0.007150
110	0.204753	0.007340
111	0.204051	0.007436
112	0.203044	0.007344
113	0.201968	0.007498
114	0.200986	0.007425
115	0.199775	0.007663
116	0.199106	0.007167
117	0.197992	0.007159
118	0.196111	0.007067
119	0.195709	0.007026
120	0.195298	0.007339
121	0.193120	0.006779
122	0.192641	0.006780
123	0.191267	0.006902
124	0.191458	0.006963
125	0.189408	0.007045
126	0.188208	0.007048
127	0.186860	0.007134
128	0.186330	0.006794
129	0.185516	0.006891
130	0.186484	0.006762
131	0.184493	0.006801
132	0.184127	0.006718
133	0.181890	0.006565
134	0.181767	0.006496
135	0.180688	0.006198
136	0.180255	0.006440
137	0.179549	0.006252
138	0.178147	0.006617
139	0.178967	0.006426
140	0.176599	0.006711
141	0.175271	0.006034
142	0.175758	0.006380
143	0.174883	0.006210
144	0.174506	0.006217
145	0.172899	0.006183
146	0.172684	0.005823
147	0.171540	0.006109
148	0.170934	0.006260
149	0.170294	0.006191
150	0.169672	0.006136
151	0.169416	0.005708
152	0.168772	0.006089
153	0.168707	0.006235
154	0.166607	0.005983
155	0.166215	0.006254
156	0.166685	0.006148
157	0.165588	0.006146
158	0.164548	0.006105
159	0.164377	0.006055
160	0.163031	0.005955
161	0.162949	0.005972
162	0.163097	0.005835
163	0.162112	0.005752
164	0.161902	0.005978
165	0.161661	0.005934
166	0.160182	0.006022
167	0.159608	0.006030
168	0.159843	0.006009
169	0.159506	0.005586
170	0.157466	0.005559
171	0.157487	0.005776
172	0.157015	0.005683
173	0.156998	0.005958
174	0.156494	0.005604
175	0.154494	0.005693
176	0.154805	0.005856
177	0.154689	0.005497
178	0.153935	0.005755
179	0.153506	0.005852
180	0.154039	0.005446
181	0.152958	0.005883
182	0.150925	0.005519
183	0.152295	0.005507
184	0.151542	0.005664
185	0.150514	0.005661
186	0.150608	0.005494
187	0.148802	0.005586
188	0.149046	0.005630
189	0.150217	0.005912
190	0.148377	0.005564
191	0.148354	0.005483
192	0.147216	0.005781
193	0.146900	0.005617
194	0.147406	0.005585
195	0.146517	0.005697
196	0.145631	0.005731
197	0.145798	0.005605
198	0.145813	0.005641
199	0.144479	0.005578
200	0.144492	0.005453
201	0.144920	0.005533
202	0.143430	0.005555
203	0.143962	0.005574
204	0.143401	0.005650
205	0.143433	0.005622
206	0.142917	0.005459
207	0.141513	0.005522
208	0.141009	0.005460
209	0.140975	0.005632
210	0.141316	0.005596
211	0.139672	0.005518
212	0.139627	0.005272
213	0.139929	0.005272
214	0.138727	0.005484
215	0.138729	0.005516
216	0.138362	0.005550
217	0.138178	0.005247
218	0.137676	0.005859
219	0.136633	0.005227
220	0.138547	0.005974
221	0.136361	0.005747
222	0.136205	0.004907
223	0.136059	0.005389
224	0.135032	0.005209
225	0.136957	0.005619
226	0.134880	0.005381
227	0.134161	0.005287
228	0.133714	0.005223
229	0.133644	0.005277
230	0.134274	0.005292
231	0.133705	0.005379
232	0.132958	0.005356
233	0.132635	0.005312
234	0.131689	0.005468
235	0.132096	0.005002
236	0.132134	0.005144
237	0.131937	0.005230
238	0.131128	0.005275
239	0.130548	0.005556
240	0.130041	0.005220
241	0.130243	0.005039
242	0.130520	0.005159
243	0.129055	0.005084
244	0.129567	0.005416
245	0.129968	0.005607
246	0.128474	0.005215
247	0.127472	0.005249
248	0.127874	0.005171
249	0.127233	0.005204
250	0.127585	0.005085
251	0.126683	0.005496
252	0.126535	0.005152
253	0.126401	0.004714
254	0.126122	0.005235
255	0.126354	0.005283
256	0.125947	0.005054
257	0.124592	0.005403
258	0.125447	0.005198
259	0.124658	0.005114
260	0.125313	0.005217
261	0.123909	0.005172
262	0.124562	0.005089
263	0.123411	0.005102
264	0.123312	0.005017
265	0.122990	0.005319
266	0.122595	0.005049
267	0.123375	0.005041
268	0.123032	0.005081
269	0.121834	0.005217
270	0.121542	0.005343
271	0.120686	0.005298
272	0.121848	0.005045
273	0.120926	0.004975
274	0.120934	0.005135
275	0.121416	0.005268
276	0.120870	0.005222
277	0.120108	0.005350
278	0.120490	0.005086
279	0.120093	0.005220
280	0.119608	0.004792
281	0.119535	0.005272
282	0.118846	0.005082
283	0.118698	0.005435
284	0.118338	0.005123
285	0.118662	0.004883
286	0.117239	0.005015
287	0.118572	0.005145
288	0.117740	0.004899
289	0.116838	0.004752
290	0.117591	0.004865
291	0.116114	0.004933
292	0.116329	0.005036
293	0.117077	0.005061
294	0.115926	0.005219
295	0.115938	0.005071
296	0.116446	0.004807
297	0.116331	0.005008
298	0.116170	0.005401
299	0.114426	0.005236
300	0.113767	0.004829
301	0.115177	0.004703
302	0.114417	0.004857
303	0.114588	0.004966
304	0.114448	0.005377
305	0.114061	0.004896
306	0.113220	0.005200
307	0.112426	0.005123
308	0.113136	0.005051
309	0.112421	0.004740
310	0.112034	0.004555
311	0.112427	0.005126
312	0.112004	0.005233
313	0.111460	0.005236
314	0.112236	0.004946
315	0.112607	0.005143
316	0.112010	0.004850
317	0.110827	0.005164
318	0.111237	0.005031
319	0.110672	0.004988
320	0.110384	0.004780
321	0.111229	0.005071
322	0.110043	0.004697
323	0.109947	0.004979
324	0.109796	0.004748
325	0.109622	0.005006
326	0.108825	0.004861
327	0.109467	0.004925
328	0.108726	0.004607
329	0.108459	0.005106
330	0.108424	0.004545
331	0.108799	0.005061
332	0.108045	0.004914
333	0.108491	0.004819
334	0.106657	0.004698
335	0.108151	0.004628
336	0.107458	0.004819
337	0.108016	0.004978
338	0.107036	0.004912
339	0.106894	0.004753
340	0.106488	0.004944
341	0.106762	0.005067
342	0.105674	0.004716
343	0.106595	0.004988
344	0.105880	0.005017
345	0.106044	0.004782
346	0.105941	0.004904
347	0.105159	0.004926
348	0.104917	0.005190
349	0.105526	0.004911
350	0.104971	0.004967
351	0.105831	0.004802
352	0.104753	0.004680
353	0.104621	0.004651
354	0.104566	0.004859
355	0.104450	0.005077
356	0.104875	0.005087
357	0.104570	0.005006
358	0.103398	0.004728
359	0.103179	0.005005
360	0.103381	0.004816
361	0.103160	0.004932
362	0.103087	0.004816
363	0.103113	0.004884
364	0.101792	0.004946
365	0.102421	0.005209
366	0.102308	0.005149
367	0.102811	0.004903
368	0.102650	0.004797
369	0.102062	0.005109
370	0.101207	0.004966
371	0.100978	0.005128
372	0.101340	0.005276
373	0.101714	0.004777
374	0.101525	0.005315
375	0.101207	0.005125
376	0.102237	0.005358
377	0.101362	0.005461
378	0.101569	0.005011
379	0.099925	0.005679
380	0.099766	0.004914
381	0.100715	0.005443
382	0.100638	0.005118
383	0.100123	0.005591
384	0.099808	0.005018
385	0.099023	0.005127
386	0.099156	0.005344
387	0.098820	0.005370
388	0.099044	0.004909
389	0.097902	0.005321
390	0.100018	0.005262
391	0.099585	0.005061
392	0.098694	0.005225
393	0.098323	0.005106
394	0.097429	0.005237
395	0.098786	0.005332
396	0.098965	0.005339
397	0.097640	0.005091
398	0.096935	0.005157
399	0.098918	0.005272
400	0.098242	0.005405
401	0.098035	0.005104
402	0.096858	0.005333
403	0.096582	0.005309
404	0.096829	0.005289
405	0.096308	0.005386
406	0.096002	0.005467
407	0.096001	0.005556
408	0.096025	0.005170
409	0.096588	0.005594
410	0.096231	0.005149
411	0.096200	0.005061
412	0.096120	0.005309
413	0.096461	0.005117
414	0.095388	0.005076
415	0.095048	0.005007
416	0.095221	0.005363
417	0.095931	0.005284
418	0.095796	0.005187
419	0.095538	0.005213
420	0.094790	0.005289
421	0.095232	0.005426
422	0.094988	0.005184
423	0.094407	0.005387
424	0.094125	0.005148
425	0.094811	0.005492
426	0.094611	0.005342
427	0.094194	0.004959
428	0.094323	0.005153
429	0.095067	0.004657
430	0.094708	0.005234
431	0.094113	0.005153
432	0.094099	0.005081
433	0.093466	0.005048
434	0.093061	0.005331
435	0.094069	0.005230
436	0.093307	0.005497
437	0.093432	0.005385
438	0.092865	0.005003
439	0.093497	0.005137
440	0.092489	0.005059
441	0.091610	0.005058
442	0.092136	0.005085
443	0.092008	0.004882
444	0.093009	0.004732
445	0.093086	0.004932
446	0.092084	0.005023
447	0.092392	0.005336
448	0.091620	0.004983
449	0.090928	0.005202
450	0.091342	0.005167
451	0.091479	0.005224
452	0.091480	0.005012
453	0.091863	0.004950
454	0.090877	0.005036
455	0.090668	0.004851
456	0.089860	0.004943
457	0.090863	0.005399
458	0.090625	0.004975
459	0.090495	0.004959
460	0.090681	0.005089
461	0.091363	0.004789
462	0.091106	0.004701
463	0.089578	0.005092
464	0.089770	0.004973
465	0.089983	0.004992
466	0.090161	0.004872
467	0.090552	0.004994
468	0.089803	0.004923
469	0.089923	0.004690
470	0.089397	0.005071
471	0.089710	0.005049
472	0.089027	0.004943
473	0.089084	0.005123
474	0.088671	0.004847
475	0.089160	0.004862
476	0.089607	0.004883
477	0.087800	0.004857
478	0.087997	0.004859
479	0.088843	0.004981
480	0.089089	0.004988
481	0.087520	0.005002
482	0.088551	0.004789
483	0.087849	0.004887
484	0.087825	0.005051
485	0.088040	0.004881
486	0.087054	0.004950
487	0.087767	0.004881
488	0.086222	0.004979
489	0.087428	0.004858
490	0.087669	0.004857
491	0.087292	0.004458
492	0.086740	0.004877
493	0.087167	0.004520
494	0.086353	0.004959
495	0.087162	0.004782
496	0.086772	0.004898
497	0.086818	0.004874
498	0.086663	0.005210
499	0.085343	0.004991
500	0.085518	0.004611
501	0.086169	0.005026
502	0.087650	0.004801
503	0.085990	0.005101
504	0.086644	0.004626
505	0.085498	0.004752
506	0.085817	0.004900
507	0.085132	0.004705
508	0.085319	0.004742
509	0.086624	0.004913
510	0.085982	0.004932
511	0.085841	0.005204
512	0.086550	0.004778
513	0.086054	0.004834
514	0.085078	0.004577
515	0.084875	0.004798
516	0.086225	0.004974
517	0.086088	0.004789
518	0.085122	0.004661
519	0.085215	0.004789
520	0.084326	0.004680
521	0.084420	0.004762
522	0.084204	0.004715
523	0.085354	0.004762
524	0.085025	0.004766
525	0.084503	0.004572
526	0.084551	0.004900
527	0.083659	0.004844
528	0.084238	0.004664
529	0.084152	0.004508
530	0.083902	0.004496
531	0.083839	0.004949
532	0.084682	0.004894
533	0.083800	0.004763
534	0.084263	0.004705
535	0.084290	0.004641
536	0.084603	0.004567
537	0.084563	0.004505
538	0.084341	0.004606
539	0.082801	0.004655
540	0.083675	0.004879
541	0.083619	0.004701
542	0.083706	0.004749
543	0.082975	0.004912
544	0.082415	0.004868
545	0.083342	0.004828
546	0.082750	0.004455
547	0.083359	0.005027
548	0.082723	0.005011
549	0.082424	0.004916
550	0.082876	0.004926
551	0.083001	0.004545
552	0.082547	0.004665
553	0.083136	0.004566
554	0.082538	0.004514
555	0.083021	0.004692
556	0.082318	0.004458
557	0.081992	0.004736
558	0.082385	0.004578
559	0.081426	0.004794
560	0.081800	0.004555
561	0.080674	0.004595
562	0.081669	0.004470
563	0.081753	0.004884
564	0.081473	0.004532
565	0.081698	0.004991
566	0.080488	0.004552
567	0.081367	0.004499
568	0.081117	0.004783
569	0.081663	0.004864
570	0.081675	0.004421
571	0.080220	0.004550
572	0.081409	0.004472
573	0.080939	0.004811
574	0.081763	0.004876
575	0.082119	0.004444
576	0.081988	0.004798
577	0.080333	0.004377
578	0.081675	0.004557
579	0.080982	0.004312
580	0.081697	0.004882
581	0.081011	0.004661
582	0.081908	0.004493
583	0.081445	0.004496
584	0.079626	0.004768
585	0.081525	0.004842
586	0.081181	0.004552
587	0.079168	0.004705
588	0.080447	0.004676
589	0.080504	0.004515
590	0.079860	0.004776
591	0.079374	0.004460
592	0.079908	0.004508
593	0.079009	0.004666
594	0.079152	0.004911
595	0.079828	0.004768
596	0.079147	0.004602
597	0.079514	0.004546
598	0.078935	0.004531
599	0.079570	0.004375
600	0.079339	0.004906
601	0.079089	0.004410
602	0.080093	0.004625
603	0.079510	0.004808
604	0.078454	0.004669
605	0.078683	0.004441
606	0.078455	0.004912
607	0.079163	0.004314
608	0.077892	0.004666
609	0.079582	0.004542
610	0.078817	0.004550
611	0.079760	0.004503
612	0.079178	0.004617
613	0.079067	0.004728
614	0.078965	0.004578
615	0.078366	0.004644
616	0.078082	0.004529
617	0.077715	0.004489
618	0.078383	0.004626
619	0.078459	0.004138
620	0.078144	0.004669
621	0.077880	0.004423
622	0.078180	0.004386
623	0.078570	0.004705
624	0.077426	0.004538
625	0.077727	0.004708
626	0.078211	0.004311
627	0.077775	0.004439
628	0.076880	0.004903
629	0.077189	0.004591
630	0.077730	0.004632
631	0.078048	0.004365
632	0.076798	0.004443
633	0.077738	0.004169
634	0.076538	0.004562
635	0.077533	0.004757
636	0.078113	0.004758
637	0.077602	0.004687
638	0.075386	0.004512
639	0.077146	0.004561
640	0.076181	0.004470
641	0.077526	0.004321
642	0.077573	0.004633
643	0.077489	0.004708
644	0.076325	0.004406
645	0.077516	0.004515
646	0.076637	0.004548
647	0.076279	0.004333
648	0.077135	0.004662
649	0.077523	0.004646
650	0.076634	0.004479
651	0.076653	0.004673
652	0.075905	0.004336
653	0.075829	0.004434
654	0.076196	0.004420
655	0.076903	0.004375
656	0.076310	0.004525
657	0.075322	0.004559
658	0.075246	0.004610
659	0.076101	0.004420
660	0.074993	0.004612
661	0.074757	0.004431
662	0.075961	0.004438
663	0.075308	0.004683
664	0.075279	0.004465
665	0.074634	0.004546
666	0.074628	0.004822
667	0.075423	0.004643
668	0.075740	0.004686
669	0.075082	0.004428
670	0.075613	0.004652
671	0.073428	0.004335
672	0.074742	0.004624
673	0.074768	0.004386
674	0.075434	0.004618
675	0.075026	0.004395
676	0.075416	0.004853
677	0.075248	0.004334
678	0.074309	0.004447
679	0.074517	0.004461
680	0.073043	0.004238
681	0.073162	0.004278
682	0.073985	0.004399
683	0.074108	0.004784
684	0.073399	0.004468
685	0.073853	0.004260
686	0.073801	0.004762
687	0.073874	0.004405
688	0.074615	0.004430
689	0.073675	0.004515
690	0.072993	0.004641
691	0.073011	0.004687
692	0.072937	0.004792
693	0.073715	0.004250
694	0.074679	0.004414
695	0.072451	0.004369
696	0.073141	0.004689
697	0.072402	0.004589
698	0.073992	0.004358
699	0.074155	0.004465
700	0.073854	0.004388
701	0.072503	0.003981
702	0.072833	0.004241
703	0.072605	0.004202
704	0.073486	0.004397
705	0.072924	0.004244
706	0.071972	0.004051
707	0.073397	0.004377
708	0.071911	0.003919
709	0.072493	0.004422
710	0.071997	0.004197
711	0.072155	0.004622
712	0.072730	0.004453
713	0.073050	0.004663
714	0.072625	0.004104
715	0.073367	0.004449
716	0.071934	0.004520
717	0.072932	0.004375
718	0.071406	0.004232
719	0.071872	0.004588
720	0.072144	0.004544
721	0.072464	0.004292
722	0.070924	0.004543
723	0.072853	0.004145
724	0.072279	0.004593
725	0.072448	0.004087
726	0.072217	0.004250
727	0.071331	0.004453
728	0.071152	0.004112
729	0.071384	0.004133
730	0.072332	0.004034
731	0.070841	0.003757
732	0.071493	0.004155
733	0.070930	0.004419
734	0.070781	0.004166
735	0.071599	0.004324
736	0.070678	0.004374
737	0.070843	0.004480
738	0.071233	0.004346
739	0.071429	0.004068
740	0.071530	0.004040
741	0.071503	0.004384
742	0.069906	0.004294
743	0.071357	0.004262
744	0.070288	0.004145
745	0.071418	0.004431
746	0.070144	0.004243
747	0.069817	0.004207
748	0.070146	0.004125
749	0.070663	0.004347
750	0.070579	0.004027
751	0.070709	0.004760
752	0.070519	0.004289
753	0.069687	0.004372
754	0.071051	0.004245
755	0.070907	0.004546
756	0.070641	0.004620
757	0.071702	0.004626
758	0.070722	0.004368
759	0.070260	0.004214
760	0.071203	0.004754
761	0.070218	0.004552
762	0.069981	0.004445
763	0.070700	0.004212
764	0.069440	0.004226
765	0.070590	0.004248
766	0.070466	0.004259
767	0.070245	0.004319
768	0.070084	0.004099
769	0.069565	0.004344
770	0.069401	0.004474
771	0.070684	0.004188
772	0.069785	0.003900
773	0.069406	0.004249
774	0.069059	0.004394
775	0.069618	0.004078
776	0.069737	0.004608
777	0.069101	0.003918
778	0.069998	0.004510
779	0.069915	0.004303
780	0.070038	0.004340
781	0.070319	0.004061
782	0.069861	0.004208
783	0.069694	0.004635
784	0.069013	0.004248
785	0.069897	0.004657
786	0.069980	0.004155
787	0.069699	0.004236
788	0.069305	0.004397
789	0.068386	0.004239
790	0.068622	0.004420
791	0.069397	0.004330
792	0.069747	0.004150
793	0.067840	0.004375
794	0.068821	0.003877
795	0.069221	0.004316
796	0.069065	0.004236
797	0.068854	0.003957
798	0.069135	0.004012
799	0.069168	0.004261
800	0.068665	0.004161
801	0.067658	0.004056
802	0.067382	0.003793
803	0.067903	0.004439
804	0.069034	0.003765
805	0.068081	0.004365
806	0.068780	0.004210
807	0.068221	0.004192
808	0.068717	0.004253
809	0.067683	0.003944
810	0.068200	0.004076
811	0.068088	0.003830
812	0.068002	0.004171
813	0.068194	0.004017
814	0.066772	0.003953
815	0.067664	0.004221
816	0.067231	0.004327
817	0.067461	0.004302
818	0.068084	0.004270
819	0.068577	0.004122
820	0.067801	0.003992
821	0.068322	0.004096
822	0.067400	0.004264
823	0.068181	0.004511
824	0.066901	0.004202
825	0.067030	0.004294
826	0.068242	0.004157
827	0.068461	0.004340
828	0.068166	0.004295
829	0.067876	0.004249
830	0.068073	0.003909
831	0.067958	0.004248
832	0.066797	0.004102
833	0.066851	0.003957
834	0.067704	0.004073
835	0.066651	0.004287
836	0.067462	0.004011
837	0.067577	0.003798
838	0.066784	0.004259
839	0.068160	0.004014
840	0.067602	0.003976
841	0.067287	0.004306
842	0.067382	0.003961
843	0.067176	0.004139
844	0.066940	0.003872
845	0.066681	0.004037
846	0.067223	0.003955
847	0.067183	0.003774
848	0.067648	0.004152
849	0.067300	0.003976
850	0.067822	0.004172
851	0.068156	0.003704
852	0.068368	0.004001
853	0.068308	0.003937
854	0.066669	0.003790
855	0.067366	0.003812
856	0.066977	0.004093
857	0.066438	0.003909
858	0.067371	0.003801
859	0.067524	0.003961
860	0.066877	0.003863
861	0.066526	0.003612
862	0.067307	0.003809
863	0.066484	0.003783
864	0.066428	0.004210
865	0.066804	0.003940
866	0.067076	0.004375
867	0.067563	0.003766
868	0.066329	0.004098
869	0.066097	0.003675
870	0.066328	0.004018
871	0.068196	0.003843
872	0.067824	0.003814
873	0.068075	0.004189
874	0.066516	0.003900
875	0.066088	0.003987
876	0.065870	0.003841
877	0.066574	0.003902
878	0.066533	0.003956
879	0.065922	0.004059
880	0.066388	0.003933
881	0.065296	0.003643
882	0.066270	0.003801
883	0.067401	0.003879
884	0.065965	0.003316
885	0.065451	0.003710
886	0.065465	0.003881
887	0.065776	0.003837
888	0.066554	0.004061
889	0.065967	0.003740
890	0.066526	0.004169
891	0.066499	0.003893
892	0.066397	0.003757
893	0.065858	0.004097
894	0.065696	0.003837
895	0.066305	0.004036
896	0.065523	0.004000
897	0.065698	0.003567
898	0.064983	0.003743
899	0.066355	0.004145
900	0.066366	0.004143
901	0.066211	0.003810
902	0.064919	0.003639
903	0.064930	0.003733
904	0.065935	0.003666
905	0.065380	0.004038
906	0.064384	0.004038
907	0.064224	0.003612
908	0.066013	0.003958
909	0.064535	0.003531
910	0.065849	0.003963
911	0.064842	0.003898
912	0.064807	0.003989
913	0.064526	0.004005
914	0.064907	0.003950
915	0.064221	0.003809
916	0.065431	0.003814
917	0.064144	0.004074
918	0.064635	0.004016
919	0.065294	0.003950
920	0.065202	0.004229
921	0.065501	0.004103
922	0.065165	0.004055
923	0.064789	0.003792
924	0.064999	0.003908
925	0.064526	0.003806
926	0.064981	0.003970
927	0.064582	0.003184
928	0.065058	0.003916
929	0.064762	0.003906
930	0.065074	0.003819
931	0.065158	0.003595
932	0.065012	0.003656
933	0.064435	0.004024
934	0.065547	0.003603
935	0.066184	0.003950
936	0.064897	0.003462
937	0.064827	0.003686
938	0.064854	0.003582
939	0.064928	0.003359
940	0.065038	0.003784
941	0.064096	0.003674
942	0.064788	0.003377
943	0.064254	0.003819
944	0.064474	0.003469
945	0.064175	0.003769
946	0.064400	0.003757
947	0.063965	0.003666
948	0.063805	0.003723
949	0.064759	0.003468
950	0.064498	0.003651
951	0.063741	0.003689
952	0.065062	0.003957
953	0.063176	0.003698
954	0.064065	0.003597
955	0.065332	0.003790
956	0.064258	0.003875
957	0.064014	0.003965
958	0.064847	0.003726
959	0.062731	0.003802
960	0.063745	0.004102
961	0.064293	0.003522
962	0.063532	0.004203
963	0.063234	0.003402
964	0.063611	0.004049
965	0.063877	0.003947
966	0.063281	0.003809
967	0.062738	0.003653
968	0.063914	0.003892
969	0.063342	0.003801
970	0.062955	0.003240
971	0.063246	0.003771
972	0.063233	0.003681
973	0.064150	0.003552
974	0.063792	0.003511
975	0.063520	0.003539
976	0.063765	0.003822
977	0.063190	0.003481
978	0.064261	0.003270
979	0.063752	0.003445
980	0.062278	0.003743
981	0.062803	0.003763
982	0.063446	0.003625
983	0.063238	0.003608
984	0.063867	0.003736
985	0.062657	0.003734
986	0.063071	0.003816
987	0.062335	0.003777
988	0.063422	0.003466
989	0.062514	0.003773
990	0.062053	0.003330
991	0.062822	0.003728
992	0.062892	0.003369
993	0.061861	0.003599
994	0.062231	0.003735
995	0.063669	0.003608
996	0.061750	0.003852
997	0.062299	0.003350
998	0.063802	0.003727
999	0.062391	0.004053
1000	0.061959	0.003289
1001	0.063172	0.003757
1002	0.062768	0.003668
1003	0.061551	0.003892
1004	0.061452	0.003852
1005	0.062508	0.003624
1006	0.061946	0.003829
1007	0.063367	0.003387
1008	0.063960	0.003584
1009	0.062492	0.003290
1010	0.062330	0.003806
1011	0.062388	0.003396
1012	0.062571	0.003585
1013	0.062606	0.003542
1014	0.061939	0.003519
1015	0.060219	0.003809
1016	0.062982	0.003761
1017	0.062915	0.003414
1018	0.062654	0.003639
1019	0.061256	0.003493
1020	0.061932	0.003549
1021	0.061662	0.003700
1022	0.062501	0.003547
1023	0.062090	0.003446
1024	0.061907	0.003419
1025	0.061317	0.003527
1026	0.060668	0.003414
1027	0.061307	0.003772
1028	0.062716	0.003169
1029	0.061985	0.003796
1030	0.061625	0.003757
1031	0.061455	0.003757
1032	0.063006	0.003736
1033	0.062424	0.003692
1034	0.061323	0.003641
1035	0.061272	0.003715
1036	0.061738	0.003502
1037	0.061498	0.003767
1038	0.062444	0.003625
1039	0.061601	0.003236
1040	0.061379	0.003741
1041	0.061943	0.003607
1042	0.061789	0.003734
1043	0.061224	0.003665
1044	0.061671	0.003571
1045	0.061716	0.003385
1046	0.061369	0.003347
1047	0.061605	0.003771
1048	0.061466	0.003594
1049	0.061053	0.003905
1050	0.060778	0.003590
1051	0.060814	0.003266
1052	0.060841	0.003663
1053	0.060854	0.003375
1054	0.061523	0.003849
1055	0.061542	0.003600
1056	0.061078	0.003503
1057	0.061126	0.003921
1058	0.060901	0.003485
1059	0.060704	0.003515
1060	0.061237	0.003507
1061	0.061483	0.003673
1062	0.060303	0.003448
1063	0.060020	0.003645
1064	0.061559	0.003650
1065	0.061359	0.003619
1066	0.061146	0.003236
1067	0.059966	0.003779
1068	0.060279	0.003571
1069	0.059830	0.003588
1070	0.060623	0.003496
1071	0.060500	0.003667
1072	0.060491	0.003689
1073	0.060318	0.003718
1074	0.059876	0.003971
1075	0.060164	0.003749
1076	0.060425	0.004057
1077	0.059139	0.003514
1078	0.060589	0.003558
1079	0.060590	0.003731
1080	0.059207	0.003507
1081	0.060616	0.003728
1082	0.059555	0.003502
1083	0.059402	0.003718
1084	0.060581	0.003783
1085	0.060149	0.003623
1086	0.059770	0.003760
1087	0.059524	0.003811
1088	0.059820	0.003306
1089	0.059477	0.003499
1090	0.059774	0.003767
1091	0.059656	0.003601
1092	0.060720	0.003630
1093	0.059635	0.003535
1094	0.059676	0.003391
1095	0.060681	0.003793
1096	0.060412	0.003549
1097	0.059650	0.003783
1098	0.060014	0.003428
1099	0.059935	0.003317
1100	0.060309	0.003752
1101	0.060080	0.003403
1102	0.060101	0.003791
1103	0.059835	0.003474
1104	0.059264	0.003626
1105	0.059242	0.003357
1106	0.059691	0.003479
1107	0.059878	0.003134
1108	0.059075	0.004181
1109	0.059242	0.003197
1110	0.059271	0.003604
1111	0.059647	0.003330
1112	0.059587	0.003413
1113	0.059311	0.003356
1114	0.058283	0.003578
1115	0.058660	0.003508
1116	0.059457	0.003744
1117	0.058520	0.003392
1118	0.058957	0.003871
1119	0.058070	0.003484
1120	0.058152	0.004053
1121	0.059769	0.003528
1122	0.058674	0.003684
1123	0.059148	0.003565
1124	0.058725	0.003551
1125	0.058433	0.003651
1126	0.058747	0.003827
1127	0.059545	0.003645
1128	0.058408	0.003837
1129	0.058201	0.003511
1130	0.059485	0.003164
1131	0.059022	0.003365
1132	0.058784	0.003688
1133	0.058702	0.003186
1134	0.059217	0.003504
1135	0.059274	0.003478
1136	0.057836	0.003393
1137	0.058949	0.003665
1138	0.058388	0.003475
1139	0.059605	0.003400
1140	0.060101	0.003691
1141	0.059384	0.003484
1142	0.059213	0.003858
1143	0.059168	0.003481
1144	0.058811	0.003668
1145	0.059139	0.003431
1146	0.057895	0.003820
1147	0.059418	0.003646
1148	0.058943	0.003433
1149	0.060067	0.003417
1150	0.058321	0.003425
1151	0.058101	0.003466
1152	0.058477	0.003643
1153	0.058416	0.003512
1154	0.059657	0.003695
1155	0.058817	0.003747
1156	0.058251	0.003677
1157	0.059124	0.003687
1158	0.058625	0.003752
1159	0.059779	0.003393
1160	0.058371	0.003694
1161	0.058512	0.003682
1162	0.059488	0.003690
1163	0.058173	0.003761
1164	0.058361	0.003437
1165	0.057624	0.003770
1166	0.058606	0.003713
1167	0.058458	0.003908
1168	0.058054	0.003505
1169	0.058888	0.003618
1170	0.058317	0.003828
1171	0.057882	0.004093
1172	0.058601	0.003762
1173	0.058332	0.003991
1174	0.057751	0.003849
1175	0.059453	0.003651
1176	0.058698	0.003455
1177	0.057915	0.003630
1178	0.058278	0.003800
1179	0.058345	0.003776
1180	0.058135	0.003740
1181	0.058575	0.003656
1182	0.058366	0.003671
1183	0.057995	0.003734
1184	0.058365	0.003820
1185	0.058390	0.003572
1186	0.058033	0.003768
1187	0.057099	0.003684
1188	0.059021	0.003606
1189	0.058440	0.003637
1190	0.058212	0.003413
1191	0.058468	0.003439
1192	0.058383	0.003622
1193	0.057821	0.004067
1194	0.058102	0.003593
1195	0.058442	0.004040
1196	0.058662	0.003540
1197	0.057538	0.003937
1198	0.058623	0.004021
1199	0.057703	0.003327
1200	0.057395	0.003821
1201	0.058397	0.003488
1202	0.057401	0.003860
1203	0.059069	0.003582
1204	0.059016	0.003610
1205	0.057023	0.003443
1206	0.058172	0.003460
1207	0.058867	0.003356
1208	0.058148	0.003943
1209	0.057910	0.003787
1210	0.059211	0.003631
1211	0.057854	0.003495
1212	0.057169	0.003978
1213	0.058897	0.003628
1214	0.057691	0.003639
1215	0.057587	0.003664
1216	0.057787	0.003617
1217	0.057475	0.003592
1218	0.059154	0.003546
1219	0.058705	0.003557
1220	0.058239	0.003371
1221	0.057063	0.003632
1222	0.058864	0.004025
1223	0.058150	0.003514
1224	0.058952	0.003560
1225	0.058135	0.003763
1226	0.058399	0.003639
1227	0.057392	0.003541
1228	0.057344	0.003499
1229	0.056954	0.003755
1230	0.058151	0.003839
1231	0.057250	0.003460
1232	0.058354	0.003186
1233	0.057538	0.003641
1234	0.056970	0.003677
1235	0.057647	0.003588
1236	0.057398	0.003438
1237	0.057143	0.003613
1238	0.056826	0.003602
1239	0.056896	0.003401
1240	0.058136	0.003229
1241	0.057916	0.003391
1242	0.057204	0.003431
1243	0.057512	0.003484
1244	0.056100	0.003821
1245	0.056104	0.003622
1246	0.057181	0.003697
1247	0.057401	0.003676
1248	0.057116	0.003278
1249	0.057187	0.003798
1250	0.056765	0.003722
1251	0.056410	0.003570
1252	0.057848	0.003630
1253	0.056034	0.003796
1254	0.056659	0.003519
1255	0.056605	0.003816
1256	0.056970	0.003412
1257	0.057183	0.003686
1258	0.057248	0.003397
1259	0.055644	0.003333
1260	0.056211	0.003464
1261	0.056383	0.003482
1262	0.057428	0.003341
1263	0.057035	0.003412
1264	0.056848	0.003538
1265	0.056177	0.003439
1266	0.057118	0.003739
1267	0.057094	0.003573
1268	0.056460	0.003723
1269	0.057562	0.003503
1270	0.056818	0.003601
1271	0.056180	0.003560
1272	0.057159	0.003649
1273	0.055963	0.003963
1274	0.056259	0.003639
1275	0.057059	0.003480
1276	0.057272	0.003527
1277	0.057607	0.003656
1278	0.056010	0.003846
1279	0.056671	0.003397
1280	0.056070	0.003770
1281	0.056142	0.003474
1282	0.057207	0.004012
1283	0.056776	0.003693
1284	0.056264	0.003897
1285	0.056795	0.003682
1286	0.055907	0.003508
1287	0.057365	0.003452
1288	0.056270	0.003859
1289	0.056303	0.003765
1290	0.056407	0.003503
1291	0.056814	0.003401
1292	0.056071	0.003861
1293	0.056527	0.003732
1294	0.055430	0.003733
1295	0.057081	0.003614
1296	0.056531	0.003682
1297	0.055744	0.003507
1298	0.057720	0.003373
1299	0.057565	0.003552
1300	0.056267	0.003520
1301	0.055502	0.003557
1302	0.056824	0.003659
1303	0.056935	0.003698
1304	0.056208	0.003655
1305	0.057057	0.003332
1306	0.056187	0.003223
1307	0.056702	0.003490
1308	0.056158	0.003739
1309	0.055851	0.003511
1310	0.055254	0.003683
1311	0.057170	0.003386
1312	0.054154	0.003224
1313	0.055875	0.003723
1314	0.056633	0.003522
1315	0.056244	0.003640
1316	0.056639	0.003787
1317	0.055701	0.003549
1318	0.055748	0.003413
1319	0.055416	0.003578
1320	0.056622	0.003493
1321	0.055647	0.003675
1322	0.056340	0.003552
1323	0.054578	0.003766
1324	0.055873	0.003258
1325	0.055299	0.003446
1326	0.057174	0.003334
1327	0.056248	0.003603
1328	0.056061	0.003419
1329	0.056054	0.003805
1330	0.056314	0.003758
1331	0.056537	0.003624
1332	0.055789	0.003712
1333	0.056126	0.003604
1334	0.056000	0.003297
1335	0.055031	0.003875
1336	0.056021	0.003127
1337	0.056039	0.003670
1338	0.054324	0.003729
1339	0.055087	0.003240
1340	0.055390	0.003540
1341	0.055283	0.003575
1342	0.055433	0.003546
1343	0.053824	0.003553
1344	0.055785	0.003244
1345	0.055603	0.003252
1346	0.054751	0.003383
1347	0.054465	0.003468
1348	0.055711	0.003486
1349	0.054037	0.003136
1350	0.054955	0.003765
1351	0.055432	0.003521
1352	0.055219	0.003345
1353	0.054921	0.003423
1354	0.055094	0.003365
1355	0.053986	0.003252
1356	0.056095	0.003346
1357	0.055091	0.003373
1358	0.054137	0.003575
1359	0.056044	0.003443
1360	0.054649	0.003594
1361	0.054518	0.003460
1362	0.054576	0.003140
1363	0.054137	0.003580
1364	0.055596	0.003093
1365	0.053677	0.003815
1366	0.053429	0.003426
1367	0.055294	0.003419
1368	0.054959	0.003310
1369	0.054072	0.003722
1370	0.054484	0.003565
1371	0.054623	0.003446
1372	0.054262	0.003214
1373	0.053292	0.003496
1374	0.053396	0.003183
1375	0.053934	0.003116
1376	0.054292	0.003415
1377	0.053516	0.003714
1378	0.053841	0.003424
1379	0.054186	0.003464
1380	0.054608	0.003548
1381	0.053283	0.003215
1382	0.054056	0.003578
1383	0.053664	0.003212
1384	0.054323	0.003350
1385	0.053448	0.003231
1386	0.054443	0.003137
1387	0.054255	0.003322
1388	0.054514	0.003492
1389	0.053634	0.003634
1390	0.053840	0.003308
1391	0.054387	0.003574
1392	0.053704	0.003328
1393	0.054150	0.003283
1394	0.054407	0.003346
1395	0.053967	0.003418
1396	0.053945	0.003388
1397	0.053645	0.003418
1398	0.053833	0.003749
1399	0.053932	0.003808
1400	0.054961	0.003749
1401	0.054278	0.003531
1402	0.053652	0.003186
1403	0.053553	0.003176
1404	0.054708	0.003287
1405	0.053318	0.003525
1406	0.054678	0.003262
1407	0.052651	0.003270
1408	0.053084	0.003396
1409	0.053100	0.003272
1410	0.053732	0.003491
1411	0.054125	0.003525
1412	0.053492	0.003530
1413	0.053458	0.003149
1414	0.053138	0.003741
1415	0.053954	0.003584
1416	0.053521	0.003370
1417	0.054043	0.003762
1418	0.052474	0.003470
1419	0.054245	0.003570
1420	0.054088	0.003203
1421	0.053327	0.003156
1422	0.053838	0.003251
1423	0.052460	0.003595
1424	0.053278	0.003162
1425	0.053320	0.003084
1426	0.054683	0.003200
1427	0.053720	0.003604
1428	0.053988	0.003599
1429	0.053069	0.003386
1430	0.053557	0.003273
1431	0.054204	0.003676
1432	0.053797	0.003087
1433	0.053359	0.003531
1434	0.053425	0.003377
1435	0.054017	0.003146
1436	0.053679	0.003093
1437	0.054058	0.003494
1438	0.052493	0.003260
1439	0.053191	0.003000
1440	0.053442	0.003382
1441	0.053176	0.002988
1442	0.053388	0.003133
1443	0.053242	0.003311
1444	0.053197	0.003274
1445	0.052482	0.003328
1446	0.053284	0.003441
1447	0.053454	0.003543
1448	0.053186	0.003186
1449	0.053327	0.003408
1450	0.053795	0.003323
1451	0.052693	0.003555
1452	0.052944	0.003130
1453	0.054124	0.003586
1454	0.052283	0.003323
1455	0.053234	0.003394
1456	0.053290	0.003210
1457	0.051951	0.003108
1458	0.052275	0.002883
1459	0.052745	0.003135
1460	0.052774	0.003406
1461	0.051787	0.003402
1462	0.051552	0.003362
1463	0.052976	0.003068
1464	0.054720	0.003209
1465	0.052334	0.003003
1466	0.053825	0.003358
1467	0.052786	0.003379
1468	0.053966	0.003695
1469	0.052981	0.003266
1470	0.053260	0.003604
1471	0.053673	0.003492
1472	0.053994	0.002969
1473	0.053171	0.003256
1474	0.051763	0.003137
1475	0.052720	0.003551
1476	0.052744	0.003268
1477	0.051593	0.003127
1478	0.053535	0.003180
1479	0.053888	0.003164
1480	0.053951	0.003263
1481	0.052442	0.003250
1482	0.053648	0.003527
1483	0.053404	0.003152
1484	0.052050	0.003157
1485	0.053102	0.003299
1486	0.053468	0.003336
1487	0.052864	0.003179
1488	0.053218	0.003162
1489	0.053037	0.003245
1490	0.052498	0.003255
1491	0.053066	0.003470
1492	0.052391	0.003039
1493	0.053592	0.003199
1494	0.053187	0.003150
1495	0.052297	0.003095
1496	0.051667	0.003097
1497	0.052451	0.003311
1498	0.051914	0.003181
1499	0.053211	0.003160
1500	0.052540	0.003168
1501	0.052201	0.003263
1502	0.052794	0.003329
1503	0.052011	0.003238
1504	0.052980	0.003076
1505	0.053282	0.003113
1506	0.052675	0.003307
1507	0.051855	0.003250
1508	0.053139	0.003129
1509	0.052527	0.002804
1510	0.052278	0.003225
1511	0.051498	0.003079
1512	0.053478	0.003314
1513	0.053001	0.003346
1514	0.053287	0.003273
1515	0.052329	0.003074
1516	0.052991	0.003609
1517	0.052114	0.003059
1518	0.052539	0.003389
1519	0.052647	0.003094
1520	0.052569	0.003273
1521	0.053197	0.002944
1522	0.052630	0.003458
1523	0.052244	0.003367
1524	0.052029	0.003270
1525	0.052488	0.003256
1526	0.051493	0.003108
1527	0.052050	0.003272
1528	0.051619	0.003110
1529	0.052920	0.003273
1530	0.052213	0.003271
1531	0.052241	0.003508
1532	0.051481	0.003265
1533	0.051750	0.003567
1534	0.052992	0.003356
1535	0.051026	0.003019
1536	0.051564	0.002986
1537	0.052079	0.003106
1538	0.051990	0.003133
1539	0.051942	0.003096
1540	0.051663	0.003144
1541	0.051930	0.003291
1542	0.051001	0.003313
1543	0.051086	0.002837
1544	0.052033	0.002931
1545	0.051603	0.002931
1546	0.052491	0.003173
1547	0.051305	0.003121
1548	0.051721	0.003040
1549	0.051846	0.003160
1550	0.051885	0.003009
1551	0.051542	0.003155
1552	0.051562	0.003336
1553	0.050655	0.002869
1554	0.051819	0.003144
1555	0.051993	0.003188
1556	0.051743	0.003137
1557	0.052007	0.002934
1558	0.050653	0.002852
1559	0.050988	0.003159
1560	0.051832	0.002795
1561	0.050384	0.003136
1562	0.051126	0.002997
1563	0.051760	0.003039
1564	0.051570	0.003057
1565	0.050917	0.003118
1566	0.051766	0.003358
1567	0.051292	0.002981
1568	0.050712	0.003116
1569	0.050378	0.003103
1570	0.051248	0.003226
1571	0.050837	0.002681
1572	0.051733	0.003616
1573	0.050994	0.003145
1574	0.050476	0.003291
1575	0.051593	0.003005
1576	0.051386	0.003267
1577	0.050588	0.003120
1578	0.049789	0.003565
1579	0.051725	0.003375
1580	0.051046	0.002993
1581	0.051106	0.003564
1582	0.050476	0.003416
1583	0.050603	0.002812
1584	0.051036	0.003262
1585	0.051708	0.003358
1586	0.051743	0.003336
1587	0.051159	0.003185
1588	0.051213	0.003490
1589	0.051506	0.003312
1590	0.051071	0.002975
1591	0.051508	0.002985
1592	0.050966	0.003028
1593	0.050336	0.003098
1594	0.051798	0.003207
1595	0.050306	0.002981
1596	0.051199	0.003332
1597	0.051425	0.003364
1598	0.051161	0.002925
1599	0.050910	0.003222
1600	0.050418	0.003245
1601	0.051529	0.003083
1602	0.051794	0.003283
1603	0.050527	0.003250
1604	0.050846	0.002954
1605	0.050879	0.002932
1606	0.051236	0.003394
1607	0.051366	0.002769
1608	0.051245	0.003022
1609	0.051023	0.003032
1610	0.050468	0.003460
1611	0.050501	0.002914
1612	0.051550	0.003106
1613	0.050415	0.003189
1614	0.050579	0.003324
1615	0.051090	0.003314
1616	0.050381	0.003216
1617	0.050382	0.003452
1618	0.050746	0.003192
1619	0.049740	0.003290
1620	0.050424	0.003122
1621	0.050112	0.002972
1622	0.050617	0.003251
1623	0.050866	0.003312
1624	0.050964	0.003171
1625	0.050772	0.003207
1626	0.050066	0.002808
1627	0.050799	0.003045
1628	0.050590	0.002871
1629	0.050276	0.003052
1630	0.050715	0.003398
1631	0.050518	0.003339
1632	0.051230	0.003033
1633	0.050984	0.002870
1634	0.050002	0.002942
1635	0.049882	0.003069
1636	0.051368	0.003017
1637	0.050814	0.003355
1638	0.050381	0.003214
1639	0.049958	0.002911
1640	0.051264	0.002893
1641	0.051462	0.003050
1642	0.049753	0.003011
1643	0.049318	0.003410
1644	0.050579	0.003028
1645	0.050657	0.002595
1646	0.049822	0.003160
1647	0.051300	0.003048
1648	0.050352	0.003337
1649	0.050490	0.002574
1650	0.049242	0.002985
1651	0.049858	0.002760
1652	0.050745	0.002759
1653	0.049746	0.002794
1654	0.050590	0.002952
1655	0.050297	0.002860
1656	0.050560	0.002954
1657	0.050303	0.002846
1658	0.050225	0.002807
1659	0.051845	0.002890
1660	0.051032	0.003058
1661	0.051152	0.003039
1662	0.050223	0.003314
1663	0.050595	0.003309
1664	0.049525	0.003018
1665	0.049845	0.003140
1666	0.049902	0.003521
1667	0.050609	0.003011
1668	0.050739	0.002861
1669	0.049674	0.003044
1670	0.050455	0.002984
1671	0.050219	0.002878
1672	0.050345	0.003116
1673	0.050382	0.002967
1674	0.050287	0.003090
1675	0.049340	0.002931
1676	0.050091	0.003020
1677	0.049990	0.002755
1678	0.049970	0.002912
1679	0.049551	0.002783
1680	0.050234	0.002909
1681	0.050486	0.002927
1682	0.050458	0.002699
1683	0.049587	0.003088
1684	0.050539	0.002488
1685	0.050430	0.002927
1686	0.050350	0.002906
1687	0.049928	0.002895
1688	0.050127	0.002979
1689	0.049245	0.003150
1690	0.050051	0.002981
1691	0.050097	0.003086
1692	0.049174	0.002784
1693	0.050803	0.003085
1694	0.050440	0.002980
1695	0.049266	0.002609
1696	0.049808	0.003174
1697	0.048730	0.002986
1698	0.049911	0.003053
1699	0.049253	0.003165
1700	0.049959	0.002730
1701	0.049317	0.002914
1702	0.049022	0.002820
1703	0.049934	0.002791
1704	0.050682	0.003127
1705	0.050686	0.003481
1706	0.049405	0.002726
1707	0.048304	0.002908
1708	0.050039	0.002931
1709	0.049721	0.002921
1710	0.049953	0.002819
1711	0.049858	0.002770
1712	0.049794	0.002940
1713	0.049631	0.002760
1714	0.048500	0.003069
1715	0.050800	0.003104
1716	0.050220	0.002954
1717	0.049617	0.002723
1718	0.049361	0.003235
1719	0.047997	0.002649
1720	0.049029	0.003089
1721	0.049629	0.003006
1722	0.049433	0.003031
1723	0.049463	0.002886
1724	0.049312	0.002894
1725	0.048757	0.002998
1726	0.050039	0.002762
1727	0.049239	0.002986
1728	0.049469	0.002954
1729	0.048749	0.002962
1730	0.049348	0.003299
1731	0.049165	0.002958
1732	0.049801	0.002754
1733	0.049289	0.003184
1734	0.049758	0.002795
1735	0.049623	0.003232
1736	0.049528	0.002935
1737	0.049528	0.002839
1738	0.048789	0.002797
1739	0.050108	0.002593
1740	0.049705	0.002921
1741	0.048223	0.002922
1742	0.049665	0.002826
1743	0.048911	0.003109
1744	0.048766	0.002468
1745	0.049586	0.002628
1746	0.049518	0.002943
1747	0.049834	0.002766
1748	0.049346	0.003025
1749	0.049377	0.002999
1750	0.047861	0.003282
1751	0.049036	0.002850
1752	0.049456	0.002759
1753	0.048552	0.003023
1754	0.049915	0.002800
1755	0.048720	0.002863
1756	0.049020	0.002885
1757	0.048490	0.002892
1758	0.049268	0.003049
1759	0.048292	0.002797
1760	0.048969	0.002928
1761	0.049609	0.003208
1762	0.049014	0.003070
1763	0.048465	0.003048
1764	0.048705	0.002781
1765	0.048938	0.003043
1766	0.047961	0.002865
1767	0.048666	0.002853
1768	0.048820	0.003114
1769	0.048305	0.002479
1770	0.050069	0.002708
1771	0.048765	0.003086
1772	0.047526	0.002607
1773	0.048285	0.002920
1774	0.048690	0.002485
1775	0.048840	0.002650
1776	0.048307	0.002744
1777	0.048085	0.002835
1778	0.047587	0.002922
1779	0.049006	0.002589
1780	0.048261	0.002843
1781	0.049113	0.002717
1782	0.049421	0.002755
1783	0.047906	0.002611
1784	0.048590	0.002892
1785	0.047735	0.002697
1786	0.048971	0.002877
1787	0.047914	0.002699
1788	0.048427	0.002969
1789	0.047472	0.003003
1790	0.048391	0.002696
1791	0.047975	0.002955
1792	0.048233	0.002661
1793	0.047744	0.002517
1794	0.047799	0.002736
1795	0.048442	0.002447
1796	0.048241	0.002755
1797	0.047898	0.002627
1798	0.047977	0.002684
1799	0.048529	0.002823
1800	0.048636	0.002804
1801	0.049275	0.002869
1802	0.048162	0.002605
1803	0.048066	0.002745
1804	0.048918	0.002687
1805	0.047910	0.002948
1806	0.047139	0.002746
1807	0.049469	0.002682
1808	0.048366	0.002694
1809	0.048119	0.002593
1810	0.048158	0.002732
1811	0.048032	0.002543
1812	0.048438	0.002705
1813	0.047454	0.002608
1814	0.049194	0.002842
1815	0.048253	0.002473
1816	0.049693	0.002563
1817	0.048039	0.002797
1818	0.049411	0.002630
1819	0.047589	0.002845
1820	0.048827	0.002674
1821	0.048141	0.002611
1822	0.049362	0.002548
1823	0.048458	0.002914
1824	0.049313	0.002562
1825	0.048270	0.002740
1826	0.049464	0.003006
1827	0.049247	0.002584
1828	0.047817	0.002453
1829	0.047923	0.002408
1830	0.048974	0.002808
1831	0.047777	0.002482
1832	0.049071	0.002681
1833	0.049158	0.002611
1834	0.048759	0.002753
1835	0.047487	0.002546
1836	0.048230	0.002306
1837	0.049496	0.002534
1838	0.048392	0.002507
1839	0.048525	0.002202
1840	0.048512	0.002465
1841	0.048913	0.002393
1842	0.047617	0.002556
1843	0.048389	0.002164
1844	0.047782	0.002382
1845	0.048188	0.002569
1846	0.048214	0.002109
1847	0.048997	0.002610
1848	0.048777	0.002690
1849	0.047672	0.002605
1850	0.047898	0.002755
1851	0.047862	0.002411
1852	0.047610	0.002914
1853	0.047656	0.002675
1854	0.049004	0.002594
1855	0.047600	0.002421
1856	0.047624	0.002387
1857	0.048581	0.002493
1858	0.047686	0.002649
1859	0.048427	0.002496
1860	0.047225	0.002803
1861	0.047498	0.003007
1862	0.047185	0.002422
1863	0.047383	0.002322
1864	0.048136	0.002699
1865	0.047971	0.002649
1866	0.048239	0.002584
1867	0.049614	0.002625
1868	0.047867	0.002685
1869	0.047859	0.002604
1870	0.047058	0.002595
1871	0.046631	0.002656
1872	0.048323	0.002437
1873	0.047488	0.002658
1874	0.048595	0.002711
1875	0.047939	0.002640
1876	0.047351	0.002643
1877	0.047266	0.002516
1878	0.047855	0.002424
1879	0.047532	0.002538
1880	0.046983	0.002504
1881	0.046637	0.002552
1882	0.047686	0.002660
1883	0.048185	0.002365
1884	0.048245	0.002622
1885	0.047270	0.002729
1886	0.048342	0.002594
1887	0.047727	0.002668
1888	0.047786	0.002448
1889	0.046877	0.002630
1890	0.047592	0.002376
1891	0.048485	0.002567
1892	0.047501	0.002302
1893	0.047850	0.002477
1894	0.047125	0.002181
1895	0.047478	0.002531
1896	0.048036	0.002797
1897	0.046156	0.002326
1898	0.047055	0.002696
1899	0.047621	0.002537
1900	0.048321	0.002674
1901	0.047193	0.002598
1902	0.048065	0.002380
1903	0.046830	0.002742
1904	0.046733	0.002592
1905	0.047999	0.002572
1906	0.047236	0.002619
1907	0.048034	0.002808
1908	0.047207	0.002674
1909	0.047742	0.002477
1910	0.046537	0.002761
1911	0.046825	0.002634
1912	0.047514	0.002896
1913	0.046524	0.002958
1914	0.046983	0.002659
1915	0.047702	0.002717
1916	0.047732	0.002505
1917	0.048268	0.002424
1918	0.046897	0.002421
1919	0.047853	0.002438
1920	0.047718	0.002692
1921	0.047485	0.002695
1922	0.047540	0.002443
1923	0.046141	0.002599
1924	0.048101	0.002638
1925	0.047614	0.002363
1926	0.046776	0.002902
1927	0.047428	0.002337
1928	0.047587	0.003045
1929	0.047084	0.002541
1930	0.048882	0.002340
1931	0.047447	0.002632
1932	0.048446	0.002454
1933	0.047536	0.002734
1934	0.047391	0.002553
1935	0.047698	0.002414
1936	0.047401	0.002486
1937	0.047519	0.002607
1938	0.048205	0.002875
1939	0.047892	0.002435
1940	0.047877	0.002492
1941	0.046865	0.002458
1942	0.047874	0.002530
1943	0.047183	0.002765
1944	0.048237	0.002661
1945	0.047725	0.002441
1946	0.047036	0.002677
1947	0.048500	0.002566
1948	0.048205	0.002534
1949	0.047542	0.002553
1950	0.048392	0.002272
1951	0.047019	0.002702
1952	0.047042	0.002371
1953	0.047178	0.002780
1954	0.047273	0.002523
1955	0.047733	0.002545
1956	0.046768	0.002598
1957	0.047014	0.002537
1958	0.047707	0.002621
1959	0.047350	0.002418
1960	0.047251	0.002566
1961	0.047299	0.002581
1962	0.047132	0.002539
1963	0.046385	0.002602
1964	0.047504	0.002920
1965	0.046365	0.002303
1966	0.046582	0.002444
1967	0.045952	0.002327
1968	0.046379	0.002707
1969	0.047330	0.002749
1970	0.047358	0.002682
1971	0.047041	0.002322
1972	0.046046	0.002466
1973	0.047167	0.002484
1974	0.047172	0.002698
1975	0.046831	0.002726
1976	0.046761	0.002489
1977	0.047179	0.002434
1978	0.046810	0.002158
1979	0.047027	0.002758
1980	0.047881	0.002334
1981	0.047691	0.002543
1982	0.046594	0.002832
1983	0.046468	0.002356
1984	0.047731	0.002604
1985	0.047665	0.002662
1986	0.046721	0.002568
1987	0.047033	0.002469
1988	0.046947	0.002435
1989	0.047039	0.002569
1990	0.048125	0.002723
1991	0.046568	0.002478
1992	0.046906	0.002790
1993	0.046763	0.002720
1994	0.046586	0.002511
1995	0.047298	0.002553
1996	0.047692	0.002691
1997	0.046952	0.002821
1998	0.047646	0.002284
1999	0.046233	0.002526
2000	0.046656	0.002690
2001	0.046599	0.002479
2002	0.046529	0.002700
2003	0.047440	0.002222
2004	0.047223	0.002481
2005	0.047172	0.002785
2006	0.046760	0.002751
2007	0.047059	0.002671
2008	0.046062	0.002680
2009	0.046452	0.002882
2010	0.046339	0.002853
2011	0.046901	0.002694
2012	0.047087	0.002407
2013	0.046733	0.002676
2014	0.046597	0.002402
2015	0.047301	0.002701
2016	0.046117	0.002376
2017	0.046800	0.002577
2018	0.046860	0.002567
2019	0.045947	0.002338
2020	0.047081	0.002823
2021	0.046366	0.002624
2022	0.046658	0.002608
2023	0.047645	0.002570
2024	0.046946	0.002577
2025	0.047342	0.002513
2026	0.047304	0.002831
2027	0.047499	0.002418
2028	0.046403	0.002595
2029	0.046633	0.002486
2030	0.045841	0.003007
2031	0.046078	0.002557
2032	0.047225	0.002294
2033	0.047181	0.002702
2034	0.045564	0.002371
2035	0.046218	0.002623
2036	0.046958	0.002823
2037	0.047457	0.003038
2038	0.046673	0.002455
2039	0.047181	0.002964
2040	0.046970	0.002392
2041	0.047530	0.002461
2042	0.045286	0.002459
2043	0.046924	0.002586
2044	0.046029	0.002441
2045	0.046700	0.002469
2046	0.046698	0.002679
2047	0.046720	0.002554
2048	0.047628	0.002526
2049	0.047181	0.002608
2050	0.046591	0.002639
2051	0.046514	0.002569
2052	0.047911	0.002778
2053	0.046987	0.002502
2054	0.046562	0.002500
2055	0.046638	0.002432
2056	0.046940	0.002478
2057	0.046786	0.002292
2058	0.045959	0.002554
2059	0.046750	0.002410
2060	0.046903	0.002563
2061	0.046985	0.002765
2062	0.047415	0.002715
2063	0.045888	0.002417
2064	0.047095	0.002620
2065	0.045641	0.002458
2066	0.046428	0.002566
2067	0.046386	0.002595
2068	0.046006	0.002612
2069	0.045493	0.002637
2070	0.046176	0.002342
2071	0.046633	0.002456
2072	0.047091	0.002522
2073	0.045641	0.002616
2074	0.046735	0.002536
2075	0.046443	0.002709
2076	0.046119	0.002738
2077	0.047205	0.002620
2078	0.047718	0.002475
2079	0.046756	0.002621
2080	0.046217	0.002692
2081	0.045738	0.002943
2082	0.047078	0.002418
2083	0.046419	0.002837
2084	0.046175	0.002539
2085	0.046569	0.002521
2086	0.045654	0.002241
2087	0.046184	0.002629
2088	0.047259	0.002557
2089	0.046504	0.002613
2090	0.046117	0.002605
2091	0.046190	0.002541
2092	0.047222	0.002432
2093	0.046894	0.002522
2094	0.047293	0.002628
2095	0.046212	0.002517
2096	0.046882	0.002588
2097	0.046259	0.002748
2098	0.046929	0.002523
2099	0.047299	0.002666
2100	0.046697	0.002268
2101	0.046988	0.002517
2102	0.047104	0.002638
2103	0.045643	0.002254
2104	0.046159	0.002874
2105	0.046808	0.002449
2106	0.045301	0.002456
2107	0.046233	0.002668
2108	0.046402	0.002622
2109	0.046012	0.002667
2110	0.046763	0.002955
2111	0.046032	0.002195
2112	0.045528	0.002508
2113	0.046171	0.002778
2114	0.045980	0.002596
2115	0.046298	0.002504
2116	0.045898	0.002539
2117	0.045952	0.002534
2118	0.047337	0.002495
2119	0.046697	0.002755
2120	0.047518	0.002409
2121	0.046222	0.002214
2122	0.047518	0.002597
2123	0.046184	0.002347
2124	0.046501	0.002806
2125	0.046091	0.002510
2126	0.045835	0.002493
2127	0.046516	0.002514
2128	0.045644	0.002677
2129	0.045924	0.002709
2130	0.045715	0.002651
2131	0.046040	0.002497
2132	0.045533	0.002852
2133	0.045572	0.002323
2134	0.045244	0.002323
2135	0.046839	0.002399
2136	0.046740	0.002413
2137	0.046795	0.002477
2138	0.046775	0.002463
2139	0.046306	0.002735
2140	0.046738	0.002509
2141	0.045980	0.002529
2142	0.047510	0.002313
2143	0.046047	0.002462
2144	0.046760	0.002455
2145	0.046969	0.002253
2146	0.046439	0.002549
2147	0.047072	0.002386
2148	0.045758	0.002348
2149	0.044554	0.002507
2150	0.045507	0.002507
2151	0.045897	0.002274
2152	0.045679	0.002414
2153	0.046968	0.002470
2154	0.045092	0.002468
2155	0.047106	0.002584
2156	0.045889	0.002566
2157	0.046406	0.002458
2158	0.045707	0.002252
2159	0.046683	0.002625
2160	0.045573	0.002353
2161	0.046999	0.002466
2162	0.047626	0.002616
2163	0.046393	0.002746
2164	0.046824	0.002499
2165	0.046308	0.002592
2166	0.046983	0.002577
2167	0.046066	0.002505
2168	0.046259	0.002226
2169	0.047416	0.002522
2170	0.046568	0.002341
2171	0.046014	0.002325
2172	0.046040	0.002430
2173	0.045649	0.002564
2174	0.047227	0.002339
2175	0.045731	0.002453
2176	0.046527	0.002184
2177	0.045864	0.002141
2178	0.046520	0.002610
2179	0.045682	0.002357
2180	0.045878	0.002295
2181	0.047062	0.002223
2182	0.045228	0.002560
2183	0.045479	0.002392
2184	0.045672	0.002340
2185	0.046679	0.002210
2186	0.046161	0.002741
2187	0.046487	0.002453
2188	0.046047	0.002132
2189	0.045763	0.002364
2190	0.046145	0.002356
2191	0.046179	0.002444
2192	0.045852	0.002544
2193	0.045589	0.002160
2194	0.046237	0.002566
2195	0.046053	0.002216
2196	0.046468	0.002505
2197	0.047501	0.002498
2198	0.045632	0.002440
2199	0.045124	0.002396
2200	0.046051	0.002586
2201	0.045167	0.002424
2202	0.045478	0.002404
2203	0.045122	0.002621
2204	0.046163	0.002836
2205	0.045844	0.002315
2206	0.045668	0.002518
2207	0.045833	0.002641
2208	0.046197	0.002552
2209	0.045313	0.002615
2210	0.045978	0.002736
2211	0.044663	0.002329
2212	0.044957	0.002480
2213	0.045707	0.002730
2214	0.045536	0.002531
2215	0.045994	0.002598
2216	0.045265	0.002736
2217	0.045693	0.002457
2218	0.045483	0.002392
2219	0.045414	0.002626
2220	0.047236	0.002473
2221	0.045618	0.002840
2222	0.046282	0.002635
2223	0.045600	0.002838
2224	0.046555	0.002763
2225	0.045967	0.002590
2226	0.045855	0.002712
2227	0.045083	0.002479
2228	0.044784	0.002706
2229	0.045449	0.003022
2230	0.045204	0.002223
2231	0.046664	0.002840
2232	0.045875	0.002674
2233	0.046622	0.002151
2234	0.046363	0.002407
2235	0.045301	0.002227
2236	0.044942	0.002305
2237	0.045192	0.002269
2238	0.046272	0.002726
2239	0.046307	0.002716
2240	0.046459	0.002420
2241	0.045222	0.002501
2242	0.046271	0.002478
2243	0.044757	0.002575
2244	0.045432	0.002668
2245	0.045189	0.002643
2246	0.045066	0.002412
2247	0.046056	0.002671
2248	0.045167	0.002301
2249	0.044459	0.002474
2250	0.046182	0.002861
2251	0.044775	0.002533
2252	0.045857	0.002887
2253	0.045268	0.002487
2254	0.044236	0.002413
2255	0.046792	0.002501
2256	0.046439	0.002393
2257	0.045762	0.002499
2258	0.045558	0.002473
2259	0.045231	0.002742
2260	0.045516	0.002443
2261	0.045229	0.002726
2262	0.047044	0.002673
2263	0.046306	0.002522
2264	0.044825	0.002245
2265	0.046464	0.002813
2266	0.046870	0.002455
2267	0.046273	0.002833
2268	0.046374	0.002534
2269	0.045853	0.002373
2270	0.046765	0.002519
2271	0.046316	0.002239
2272	0.046171	0.002587
2273	0.045776	0.002208
2274	0.046625	0.002566
2275	0.044681	0.002657
2276	0.045570	0.002687
2277	0.046539	0.002495
2278	0.044782	0.002500
2279	0.046660	0.002542
2280	0.046298	0.002600
2281	0.046365	0.002237
2282	0.045665	0.002764
2283	0.046007	0.002545
2284	0.046005	0.002631
2285	0.045319	0.002420
2286	0.046252	0.002909
2287	0.045653	0.002520
2288	0.045756	0.002381
2289	0.045599	0.002253
2290	0.046045	0.002520
2291	0.045552	0.002269
2292	0.046148	0.002493
2293	0.045707	0.002500
2294	0.046407	0.002674
2295	0.045935	0.002427
2296	0.046549	0.002709
2297	0.046274	0.002231
2298	0.044916	0.002521
2299	0.046307	0.002524
2300	0.045829	0.002472
2301	0.045419	0.002427
2302	0.044980	0.002571
2303	0.046084	0.002218
2304	0.045359	0.002492
2305	0.045618	0.002794
2306	0.045318	0.002972
2307	0.046091	0.002823
2308	0.046111	0.002575
2309	0.045717	0.002746
2310	0.045732	0.002675
2311	0.045941	0.002562
2312	0.046284	0.002731
2313	0.045723	0.002562
2314	0.045847	0.002735
2315	0.047175	0.002712
2316	0.045527	0.002663
2317	0.045332	0.002427
2318	0.045267	0.002781
2319	0.045968	0.002776
2320	0.045932	0.002434
2321	0.045751	0.002544
2322	0.045730	0.002775
2323	0.046869	0.002464
2324	0.045770	0.002809
2325	0.044898	0.002865
2326	0.045618	0.002424
2327	0.045374	0.002849
2328	0.045106	0.002704
2329	0.045039	0.002685
2330	0.045572	0.002979
2331	0.045596	0.002553
2332	0.045161	0.002526
2333	0.045802	0.002610
2334	0.044959	0.002819
2335	0.045648	0.002429
2336	0.045837	0.002684
2337	0.045618	0.002462
2338	0.045824	0.002893
2339	0.045834	0.002454
2340	0.046550	0.002646
2341	0.044753	0.002637
2342	0.044457	0.002881
2343	0.046060	0.002491
2344	0.045787	0.002755
2345	0.046090	0.002496
2346	0.044877	0.003177
2347	0.045127	0.002441
2348	0.044611	0.002685
2349	0.046747	0.002767
2350	0.046466	0.002578
2351	0.045214	0.002882
2352	0.044342	0.002900
2353	0.045096	0.002759
2354	0.045202	0.002757
2355	0.046220	0.002628
2356	0.045757	0.002856
2357	0.045921	0.002638
2358	0.044072	0.002891
2359	0.045857	0.003010
2360	0.045522	0.002844
2361	0.045608	0.002871
2362	0.045234	0.002398
2363	0.045520	0.002794
2364	0.046484	0.002791
2365	0.045241	0.002787
2366	0.044801	0.002794
2367	0.045064	0.002817
2368	0.045470	0.002743
2369	0.044433	0.002655
2370	0.044411	0.002702
2371	0.045082	0.002741
2372	0.045130	0.002719
2373	0.043904	0.002946
2374	0.045022	0.002836
2375	0.045260	0.002940
2376	0.045442	0.002446
2377	0.044801	0.002795
2378	0.046003	0.002921
2379	0.046128	0.002643
2380	0.045478	0.002803
2381	0.044349	0.003132
2382	0.045446	0.002709
2383	0.045281	0.002702
2384	0.045402	0.002734
2385	0.044580	0.002966
2386	0.044433	0.002804
2387	0.046073	0.002774
2388	0.044963	0.002593
2389	0.044316	0.002879
2390	0.044634	0.002852
2391	0.045681	0.002598
2392	0.045742	0.002470
2393	0.045756	0.002386
2394	0.045501	0.002637
2395	0.043996	0.002915
2396	0.044363	0.003050
2397	0.044513	0.002744
2398	0.045153	0.002843
2399	0.046277	0.002912
2400	0.045402	0.002950
2401	0.046069	0.002682
2402	0.044904	0.002680
2403	0.042964	0.002696
2404	0.044364	0.002588
2405	0.043934	0.002947
2406	0.043799	0.002521
2407	0.044988	0.003043
2408	0.043966	0.002706
2409	0.044702	0.002454
2410	0.044702	0.002866
2411	0.045074	0.003092
2412	0.044524	0.002857
2413	0.044508	0.002527
2414	0.043996	0.002575
2415	0.044338	0.002618
2416	0.044526	0.002309
2417	0.045085	0.002939
2418	0.044132	0.002551
2419	0.044629	0.003092
2420	0.045201	0.002507
2421	0.044330	0.002327
2422	0.044915	0.002923
2423	0.043727	0.002738
2424	0.044847	0.002877
2425	0.044589	0.002527
2426	0.044323	0.002809
2427	0.045111	0.002653
2428	0.045184	0.002916
2429	0.044137	0.002502
2430	0.044476	0.002873
2431	0.045040	0.002288
2432	0.044679	0.002689
2433	0.044828	0.002620
2434	0.045349	0.002369
2435	0.044456	0.002538
2436	0.045497	0.002803
2437	0.045026	0.003056
2438	0.045342	0.002718
2439	0.044141	0.002768
2440	0.045325	0.003103
2441	0.044814	0.002810
2442	0.044825	0.002513
2443	0.044802	0.002176
2444	0.044163	0.002483
2445	0.045084	0.002636
2446	0.046041	0.002991
2447	0.045355	0.002257
2448	0.045127	0.002957
2449	0.044613	0.002417
2450	0.045345	0.002675
2451	0.046005	0.002640
2452	0.044585	0.002789
2453	0.045320	0.002777
2454	0.045369	0.002795
2455	0.045159	0.002883
2456	0.044906	0.002676
2457	0.045449	0.002786
2458	0.045221	0.002645
2459	0.045368	0.002844
2460	0.045059	0.002853
2461	0.044204	0.002469
2462	0.045135	0.002913
2463	0.044865	0.002656
2464	0.046136	0.002713
2465	0.044482	0.002961
2466	0.044889	0.002785
2467	0.045459	0.002706
2468	0.043904	0.002536
2469	0.044083	0.002617
2470	0.045321	0.002852
2471	0.045836	0.002544
2472	0.044915	0.002595
2473	0.045370	0.002528
2474	0.045072	0.002729
2475	0.045529	0.002727
2476	0.044436	0.003147
2477	0.044185	0.002840
2478	0.044491	0.002991
2479	0.044051	0.002455
2480	0.045818	0.002714
2481	0.043473	0.002689
2482	0.045716	0.002709
2483	0.044358	0.003157
2484	0.044807	0.002829
2485	0.043991	0.002802
2486	0.044608	0.002955
2487	0.044180	0.002445
2488	0.044521	0.002858
2489	0.045543	0.002932
2490	0.045135	0.002698
2491	0.044513	0.002978
2492	0.043390	0.002574
2493	0.045393	0.002481
2494	0.043913	0.002642
2495	0.044605	0.002754
2496	0.045074	0.002774
2497	0.043573	0.002688
2498	0.043657	0.002658
2499	0.043460	0.003003
2500	0.045671	0.002977
2501	0.044408	0.002556
2502	0.044437	0.002818
2503	0.045012	0.002474
2504	0.045224	0.003104
2505	0.045175	0.002645
2506	0.046114	0.002798
2507	0.044828	0.002809
2508	0.044133	0.002772
2509	0.044712	0.002934
2510	0.044405	0.002635
2511	0.044969	0.002903
2512	0.044496	0.002714
2513	0.045054	0.002534
2514	0.044409	0.003256
2515	0.044335	0.002512
2516	0.045426	0.002547
2517	0.044625	0.002759
2518	0.044818	0.003011
2519	0.046031	0.002849
2520	0.045133	0.002817
2521	0.045891	0.002676
2522	0.045052	0.003075
2523	0.045620	0.002686
2524	0.045595	0.002685
2525	0.044612	0.002504
2526	0.044359	0.002990
2527	0.045117	0.002375
2528	0.045777	0.002803
2529	0.044308	0.002691
2530	0.045554	0.002753
2531	0.045892	0.002501
2532	0.045550	0.002788
2533	0.044958	0.002921
2534	0.045296	0.002969
2535	0.044686	0.002516
2536	0.045735	0.002820
2537	0.045088	0.002603
2538	0.044810	0.002654
2539	0.045586	0.002404
2540	0.045271	0.002495
2541	0.046858	0.002553
2542	0.044805	0.002998
2543	0.045584	0.002347
2544	0.044495	0.002804
2545	0.044315	0.002836
2546	0.044708	0.002439
2547	0.043980	0.002452
2548	0.045252	0.002751
2549	0.044481	0.002810
2550	0.044491	0.003122
2551	0.044214	0.002540
2552	0.045143	0.002579
2553	0.044520	0.002611
2554	0.044073	0.002734
2555	0.044693	0.002726
2556	0.044565	0.002666
2557	0.044910	0.002878
2558	0.044423	0.002851
2559	0.043486	0.002516
2560	0.044368	0.002925
2561	0.044631	0.003085
2562	0.046057	0.002977
2563	0.044620	0.002550
2564	0.045777	0.002584
2565	0.045264	0.002641
2566	0.045787	0.002827
2567	0.044599	0.002969
2568	0.045066	0.002791
2569	0.044113	0.002450
2570	0.044765	0.002763
2571	0.044891	0.002983
2572	0.045221	0.002510
2573	0.044962	0.002856
2574	0.044984	0.002925
2575	0.044888	0.002697
2576	0.044532	0.002827
2577	0.044852	0.002651
2578	0.045123	0.002860
2579	0.044416	0.002724
2580	0.043113	0.002532
2581	0.045019	0.002825
2582	0.044911	0.002743
2583	0.043334	0.002302
2584	0.045521	0.002717
2585	0.044422	0.002552
2586	0.044406	0.002552
2587	0.044401	0.002844
2588	0.044494	0.002690
2589	0.046522	0.003033
2590	0.044179	0.002686
2591	0.044726	0.002691
2592	0.045095	0.002689
2593	0.044999	0.002562
2594	0.044296	0.002699
2595	0.044941	0.002883
2596	0.044945	0.002911
2597	0.045329	0.002335
2598	0.044810	0.003071
2599	0.044889	0.002650
2600	0.045500	0.002659
2601	0.044521	0.003094
2602	0.045361	0.002986
2603	0.045213	0.002756
2604	0.043187	0.002320
2605	0.045492	0.002857
2606	0.045251	0.002863
2607	0.045355	0.002746
2608	0.045681	0.003033
2609	0.046375	0.002765
2610	0.044353	0.002912
2611	0.045114	0.002591
2612	0.043012	0.002651
2613	0.044808	0.002797
2614	0.044596	0.002821
2615	0.044697	0.002787
2616	0.043654	0.003085
2617	0.044325	0.002715
2618	0.044404	0.002508
2619	0.043784	0.002960
2620	0.044716	0.002905
2621	0.044244	0.002792
2622	0.043740	0.002765
2623	0.045052	0.002734
2624	0.044975	0.002694
2625	0.044900	0.002708
2626	0.043872	0.002617
2627	0.044783	0.002848
2628	0.044522	0.002822
2629	0.043675	0.002846
2630	0.044119	0.002710
2631	0.044021	0.002841
2632	0.045885	0.002769
2633	0.044191	0.002915
2634	0.044476	0.002723
2635	0.045296	0.002800
2636	0.044833	0.002967
2637	0.044294	0.003115
2638	0.044238	0.002633
2639	0.044065	0.002809
2640	0.044643	0.003006
2641	0.043930	0.002587
2642	0.044038	0.002735
2643	0.044465	0.002864
2644	0.044760	0.002700
2645	0.043669	0.002941
2646	0.043290	0.002969
2647	0.045746	0.003064
2648	0.043881	0.002613
2649	0.043829	0.003215
2650	0.044329	0.002982
2651	0.043703	0.003239
2652	0.044209	0.002980
2653	0.044905	0.002767
2654	0.043129	0.002573
2655	0.044912	0.002651
2656	0.044198	0.002963
2657	0.043263	0.003125
2658	0.044239	0.002968
2659	0.043893	0.002778
2660	0.044500	0.003095
2661	0.044945	0.002915
2662	0.043981	0.002906
2663	0.043938	0.003085
2664	0.044793	0.002708
2665	0.044112	0.002807
2666	0.042732	0.002807
2667	0.043864	0.002643
2668	0.044386	0.003502
2669	0.044055	0.002815
2670	0.043999	0.003153
2671	0.044419	0.002895
2672	0.044201	0.003004
2673	0.044392	0.002807
2674	0.044432	0.003090
2675	0.044206	0.003223
2676	0.043962	0.002944
2677	0.044408	0.002754
2678	0.043784	0.002966
2679	0.044487	0.002663
2680	0.043775	0.003130
2681	0.044621	0.002866
2682	0.043290	0.003045
2683	0.043590	0.002788
2684	0.043597	0.003078
2685	0.044535	0.003106
2686	0.043263	0.002673
2687	0.044601	0.003182
2688	0.043955	0.002445
2689	0.042825	0.002875
2690	0.044772	0.002928
2691	0.045382	0.002985
2692	0.043925	0.003068
2693	0.044286	0.002797
2694	0.045155	0.002835
2695	0.043880	0.002903
2696	0.043134	0.002633
2697	0.044496	0.002890
2698	0.044234	0.002780
2699	0.044159	0.002837
2700	0.043596	0.002338
2701	0.044266	0.002759
2702	0.043588	0.002893
2703	0.043607	0.002807
2704	0.043351	0.002743
2705	0.044561	0.002682
2706	0.044940	0.002677
2707	0.044968	0.002580
2708	0.044199	0.003106
2709	0.043519	0.003134
2710	0.044386	0.002618
2711	0.044099	0.002990
2712	0.045638	0.002809
2713	0.043805	0.002881
2714	0.043979	0.002871
2715	0.044787	0.003243
2716	0.044681	0.002494
2717	0.043516	0.002528
2718	0.044673	0.002977
2719	0.045855	0.003023
2720	0.043250	0.002968
2721	0.043653	0.002890
2722	0.043846	0.003220
2723	0.043698	0.002946
2724	0.043495	0.002605
2725	0.045088	0.003115
2726	0.044342	0.002596
2727	0.044455	0.002710
2728	0.043975	0.002991
2729	0.044618	0.002650
2730	0.044734	0.002955
2731	0.044539	0.003053
2732	0.043609	0.002899
2733	0.043307	0.002875
2734	0.045185	0.002717
2735	0.043788	0.002790
2736	0.044224	0.002961
2737	0.044126	0.003072
2738	0.045216	0.002613
2739	0.043605	0.002945
2740	0.044068	0.002635
2741	0.044159	0.003030
2742	0.044590	0.002744
2743	0.043636	0.002735
2744	0.043888	0.003159
2745	0.044039	0.002356
2746	0.043880	0.002684
2747	0.045136	0.002804
2748	0.044170	0.003111
2749	0.043660	0.002878
2750	0.043329	0.002962
2751	0.043836	0.002819
2752	0.043956	0.002594
2753	0.043977	0.002848
2754	0.044327	0.003060
2755	0.043399	0.002695
2756	0.043705	0.002954
2757	0.043881	0.002983
2758	0.044941	0.003259
2759	0.042949	0.002587
2760	0.044753	0.002906
2761	0.042930	0.002812
2762	0.044316	0.003073
2763	0.043577	0.002815
2764	0.043153	0.003060
2765	0.043940	0.002874
2766	0.043722	0.002865
2767	0.044286	0.002977
2768	0.042673	0.002882
2769	0.043420	0.002979
2770	0.043335	0.002573
2771	0.043443	0.003118
2772	0.043132	0.003150
2773	0.044028	0.003010
2774	0.044154	0.002899
2775	0.043229	0.002958
2776	0.043106	0.002658
2777	0.043796	0.003202
2778	0.043583	0.002698
2779	0.043083	0.002560
2780	0.044241	0.002730
2781	0.043866	0.002664
2782	0.043619	0.002654
2783	0.043170	0.002310
2784	0.044251	0.002566
2785	0.044866	0.003106
2786	0.043995	0.002541
2787	0.043558	0.002582
2788	0.043765	0.002511
2789	0.043655	0.003141
2790	0.043792	0.002780
2791	0.043623	0.002511
2792	0.043989	0.002679
2793	0.044896	0.002889
2794	0.043972	0.002446
2795	0.044851	0.002723
2796	0.044815	0.003048
2797	0.044106	0.003126
2798	0.044432	0.002718
2799	0.043595	0.002723
2800	0.043857	0.002828
2801	0.043573	0.002876
2802	0.043644	0.002625
2803	0.044151	0.002826
2804	0.043240	0.002739
2805	0.044333	0.002653
2806	0.044027	0.002780
2807	0.043170	0.002694
2808	0.043649	0.002642
2809	0.044069	0.002993
2810	0.043585	0.002738
2811	0.044163	0.002496
2812	0.044642	0.002750
2813	0.043858	0.002736
2814	0.044316	0.002467
2815	0.043717	0.002366
2816	0.041928	0.002739
2817	0.043230	0.002682
2818	0.042667	0.002443
2819	0.043548	0.002342
2820	0.043257	0.002298
2821	0.043179	0.002988
2822	0.043434	0.002987
2823	0.043324	0.002867
2824	0.043988	0.002400
2825	0.045239	0.002811
2826	0.042884	0.002561
2827	0.044461	0.002322
2828	0.043197	0.002868
2829	0.043301	0.002853
2830	0.044136	0.002600
2831	0.043813	0.002679
2832	0.044855	0.002468
2833	0.044517	0.002663
2834	0.043144	0.002806
2835	0.043790	0.002980
2836	0.043169	0.002763
2837	0.043818	0.002580
2838	0.043422	0.002796
2839	0.044522	0.002730
2840	0.043239	0.002605
2841	0.044156	0.002595
2842	0.043775	0.002744
2843	0.043980	0.002605
2844	0.043273	0.002520
2845	0.042949	0.002772
2846	0.041985	0.002648
2847	0.043923	0.002311
2848	0.044979	0.002760
2849	0.043364	0.002752
2850	0.042591	0.002563
2851	0.042594	0.002622
2852	0.043864	0.002573
2853	0.044128	0.002171
2854	0.044048	0.002587
2855	0.042707	0.002484
2856	0.042978	0.002575
2857	0.042788	0.002672
2858	0.042877	0.002485
2859	0.043659	0.002228
2860	0.043019	0.002815
2861	0.043846	0.002540
2862	0.042320	0.002716
2863	0.044123	0.002545
2864	0.042560	0.002732
2865	0.043697	0.002682
2866	0.043978	0.002803
2867	0.044520	0.002409
2868	0.043092	0.002686
2869	0.043543	0.002398
2870	0.043623	0.002629
2871	0.043288	0.002577
2872	0.042590	0.002605
2873	0.043391	0.002902
2874	0.044225	0.002282
2875	0.043581	0.002601
2876	0.042939	0.002562
2877	0.043553	0.002567
2878	0.044666	0.002878
2879	0.043242	0.002721
2880	0.043125	0.002491
2881	0.043018	0.002476
2882	0.043047	0.002813
2883	0.043022	0.002274
2884	0.043331	0.002360
2885	0.043182	0.002403
2886	0.042473	0.002582
2887	0.043562	0.002547
2888	0.043755	0.002665
2889	0.044208	0.002633
2890	0.042596	0.002556
2891	0.042784	0.002760
2892	0.042912	0.002373
2893	0.043823	0.002234
2894	0.043066	0.002702
2895	0.043682	0.002857
2896	0.042402	0.002619
2897	0.044637	0.002255
2898	0.042644	0.002331
2899	0.042885	0.002669
2900	0.043487	0.002469
2901	0.044287	0.002570
2902	0.044105	0.002438
2903	0.042825	0.002431
2904	0.043771	0.002172
2905	0.044272	0.002855
2906	0.043616	0.002657
2907	0.042692	0.002372
2908	0.042596	0.002415
2909	0.042745	0.002534
2910	0.044008	0.002457
2911	0.042886	0.002183
2912	0.042959	0.002465
2913	0.043531	0.002641
2914	0.043224	0.002154
2915	0.043634	0.002356
2916	0.043303	0.002474
2917	0.044266	0.002131
2918	0.043415	0.002728
2919	0.045030	0.002208
2920	0.042790	0.002375
2921	0.043917	0.002352
2922	0.042855	0.002307
2923	0.043671	0.002280
2924	0.043845	0.002035
2925	0.043079	0.002624
2926	0.043912	0.002510
2927	0.043751	0.002328
2928	0.044597	0.002591
2929	0.043645	0.002199
2930	0.044184	0.002253
2931	0.044164	0.002571
2932	0.043480	0.002329
2933	0.043287	0.002321
2934	0.042910	0.001913
2935	0.044132	0.002197
2936	0.044049	0.002261
2937	0.044166	0.002081
2938	0.043912	0.002290
2939	0.042986	0.002560
2940	0.043879	0.002323
2941	0.043333	0.002001
2942	0.043116	0.002527
2943	0.044420	0.002479
2944	0.043473	0.002488
2945	0.043043	0.002244
2946	0.042257	0.002376
2947	0.042866	0.002245
2948	0.042012	0.001955
2949	0.043042	0.002281
2950	0.044574	0.002667
2951	0.042833	0.002182
2952	0.043064	0.002124
2953	0.043127	0.002416
2954	0.042790	0.002093
2955	0.042515	0.002249
2956	0.042639	0.002219
2957	0.043411	0.002481
2958	0.044065	0.002192
2959	0.043456	0.002043
2960	0.042898	0.002112
2961	0.042578	0.002156
2962	0.043681	0.002283
2963	0.042478	0.002265
2964	0.044135	0.002019
2965	0.042781	0.002087
2966	0.041437	0.002300
2967	0.043233	0.002311
2968	0.041846	0.002437
2969	0.042087	0.002355
2970	0.043781	0.002362
2971	0.042388	0.002588
2972	0.043579	0.002253
2973	0.042155	0.002452
2974	0.044104	0.002200
2975	0.042893	0.002499
2976	0.043264	0.002449
2977	0.043036	0.002084
2978	0.043904	0.002261
2979	0.042238	0.002544
2980	0.042560	0.001979
2981	0.042983	0.002242
2982	0.044117	0.002222
2983	0.043081	0.002404
2984	0.043460	0.002432
2985	0.043517	0.002122
2986	0.043306	0.002173
2987	0.043164	0.002372
2988	0.043575	0.002136
2989	0.042675	0.002353
2990	0.042914	0.002117
2991	0.043740	0.001929
2992	0.043286	0.002506
2993	0.042162	0.002176
2994	0.042732	0.002255
2995	0.042460	0.002219
2996	0.043177	0.002327
2997	0.042790	0.002135
2998	0.042930	0.002215
2999	0.042827	0.002471
3000	0.042644	0.002078
3001	0.043928	0.002088
3002	0.041952	0.002245
3003	0.042616	0.002459
3004	0.042445	0.002235
3005	0.043360	0.002373
3006	0.043198	0.002457
3007	0.043308	0.002309
3008	0.041833	0.002288
3009	0.042278	0.002417
3010	0.042867	0.002304
3011	0.043016	0.002333
3012	0.042978	0.002353
3013	0.042863	0.002522
3014	0.043771	0.002439
3015	0.042885	0.002293
3016	0.042754	0.002302
3017	0.043519	0.002403
3018	0.043721	0.002353
3019	0.042545	0.002467
3020	0.044530	0.002377
3021	0.042490	0.002328
3022	0.043390	0.002456
3023	0.042779	0.002723
3024	0.042718	0.002654
3025	0.043505	0.002354
3026	0.043545	0.002155
3027	0.043421	0.002076
3028	0.042387	0.002732
3029	0.043510	0.002265
3030	0.043774	0.002261
3031	0.043138	0.002300
3032	0.042617	0.002130
3033	0.043233	0.002095
3034	0.043027	0.002553
3035	0.043121	0.002400
3036	0.042610	0.002171
3037	0.041612	0.002552
3038	0.042679	0.002360
3039	0.043669	0.002079
3040	0.041670	0.002622
3041	0.043702	0.002682
3042	0.041951	0.002289
3043	0.041322	0.002101
3044	0.043229	0.002492
3045	0.041837	0.002380
3046	0.042893	0.002238
3047	0.042188	0.002310
3048	0.043869	0.002357
3049	0.043357	0.002435
3050	0.043886	0.002341
3051	0.042703	0.002285
3052	0.042497	0.002056
3053	0.042349	0.002224
3054	0.042131	0.002353
3055	0.042717	0.002418
3056	0.043147	0.002065
3057	0.042077	0.002598
3058	0.043003	0.002630
3059	0.043022	0.002269
3060	0.043500	0.002510
3061	0.043042	0.002194
3062	0.041815	0.002321
3063	0.041429	0.002406
3064	0.042916	0.002230
3065	0.043249	0.002172
3066	0.043297	0.001975
3067	0.042711	0.002135
3068	0.043064	0.002553
3069	0.043791	0.002517
3070	0.043048	0.002455
3071	0.043429	0.002172
3072	0.043183	0.002313
3073	0.043082	0.002464
3074	0.042293	0.002156
3075	0.043882	0.002448
3076	0.042729	0.002560
3077	0.042337	0.002199
3078	0.043874	0.001937
3079	0.042714	0.002341
3080	0.042351	0.002263
3081	0.043000	0.002578
3082	0.042245	0.002421
3083	0.042719	0.002499
3084	0.043406	0.002303
3085	0.043124	0.002321
3086	0.043599	0.002003
3087	0.042394	0.002493
3088	0.042479	0.002086
3089	0.043566	0.002136
3090	0.042318	0.002325
3091	0.042452	0.002466
3092	0.042558	0.002500
3093	0.041872	0.002054
3094	0.043519	0.002159
3095	0.042153	0.002311
3096	0.043185	0.002368
3097	0.042856	0.002411
3098	0.042040	0.002057
3099	0.041452	0.002467
3100	0.042955	0.001844
3101	0.042452	0.002264
3102	0.041085	0.002015
3103	0.042995	0.002205
3104	0.041937	0.002370
3105	0.043194	0.002236
3106	0.043413	0.002105
3107	0.041397	0.002067
3108	0.042349	0.002268
3109	0.042422	0.002268
3110	0.041949	0.002097
3111	0.042605	0.001939
3112	0.042641	0.002265
3113	0.041630	0.002026
3114	0.042916	0.002141
3115	0.043189	0.002458
3116	0.042155	0.001994
3117	0.041843	0.002247
3118	0.043126	0.002337
3119	0.041803	0.002408
3120	0.043226	0.002516
3121	0.040849	0.002022
3122	0.042276	0.002411
3123	0.042536	0.002329
3124	0.042281	0.002321
3125	0.041629	0.002235
3126	0.042852	0.002291
3127	0.042428	0.002337
3128	0.041889	0.001948
3129	0.041938	0.001994
3130	0.041079	0.002423
3131	0.042763	0.002502
3132	0.042003	0.002003
3133	0.042619	0.002105
3134	0.043180	0.002337
3135	0.041973	0.002288
3136	0.041673	0.002048
3137	0.042643	0.002373
3138	0.041930	0.002406
3139	0.042480	0.002498
3140	0.042574	0.002379
3141	0.041166	0.002034
3142	0.042135	0.001825
3143	0.042040	0.002154
3144	0.042236	0.001937
3145	0.041228	0.001953
3146	0.041874	0.002288
3147	0.041961	0.002263
3148	0.041915	0.002063
3149	0.042903	0.002231
3150	0.042620	0.002006
3151	0.042152	0.002153
3152	0.042195	0.002052
3153	0.041613	0.001893
3154	0.041229	0.001994
3155	0.041299	0.002360
3156	0.041598	0.002262
3157	0.040803	0.002174
3158	0.041639	0.002367
3159	0.042346	0.002132
3160	0.042881	0.002419
3161	0.042107	0.002352
3162	0.042468	0.002029
3163	0.041042	0.001765
3164	0.042082	0.002153
3165	0.042643	0.002024
3166	0.042174	0.001998
3167	0.042639	0.001909
3168	0.041584	0.002248
3169	0.042351	0.001816
3170	0.042240	0.002227
3171	0.041919	0.001895
3172	0.041903	0.002059
3173	0.042667	0.002057
3174	0.040923	0.002264
3175	0.041594	0.002028
3176	0.041143	0.002065
3177	0.042318	0.002291
3178	0.042296	0.002393
3179	0.042021	0.002040
3180	0.040064	0.002082
3181	0.042534	0.001995
3182	0.042869	0.001618
3183	0.041865	0.002017
3184	0.041460	0.002280
3185	0.042706	0.002090
3186	0.042615	0.001972
3187	0.042787	0.001729
3188	0.043025	0.002219
3189	0.042189	0.002072
3190	0.041464	0.001879
3191	0.042228	0.001962
3192	0.042052	0.002459
3193	0.042688	0.002562
3194	0.041911	0.002298
3195	0.043417	0.002483
3196	0.041472	0.002652
3197	0.041738	0.001880
3198	0.041210	0.002160
3199	0.042306	0.002346
3200	0.041766	0.002427
3201	0.041707	0.002069
3202	0.042302	0.002082
3203	0.043099	0.002137
3204	0.042069	0.002412
3205	0.041889	0.002157
3206	0.041527	0.001928
3207	0.042119	0.002099
3208	0.042581	0.002143
3209	0.041651	0.002061
3210	0.042086	0.002301
3211	0.040827	0.002039
3212	0.041680	0.002033
3213	0.041342	0.002385
3214	0.042906	0.002218
3215	0.040514	0.002103
3216	0.042103	0.002016
3217	0.042608	0.002488
3218	0.042115	0.002189
3219	0.042055	0.002216
3220	0.041584	0.002324
3221	0.041873	0.002332
3222	0.041755	0.002195
3223	0.042469	0.002131
3224	0.042997	0.002273
3225	0.041769	0.002304
3226	0.041948	0.002270
3227	0.040440	0.002339
3228	0.042841	0.002292
3229	0.041379	0.002297
3230	0.041410	0.002153
3231	0.041849	0.002491
3232	0.042288	0.002144
3233	0.040578	0.002153
3234	0.042520	0.002457
3235	0.042605	0.002646
3236	0.040819	0.002149
3237	0.041090	0.002525
3238	0.041592	0.002597
3239	0.041970	0.002307
3240	0.040921	0.002176
3241	0.041436	0.002732
3242	0.042584	0.002139
3243	0.042103	0.002281
3244	0.042183	0.002532
3245	0.042372	0.002494
3246	0.041343	0.002359
3247	0.041210	0.002276
3248	0.042296	0.002582
3249	0.041987	0.002423
3250	0.041703	0.002029
3251	0.042257	0.002137
3252	0.041762	0.002011
3253	0.042128	0.002267
3254	0.041370	0.001977
3255	0.040945	0.002009
3256	0.041508	0.001930
3257	0.042594	0.002188
3258	0.042057	0.002105
3259	0.042096	0.001780
3260	0.042880	0.002224
3261	0.042890	0.002277
3262	0.042364	0.002411
3263	0.042177	0.001978
3264	0.041461	0.002312
3265	0.042242	0.002388
3266	0.041149	0.002268
3267	0.041428	0.002179
3268	0.041837	0.002246
3269	0.042118	0.002565
3270	0.041628	0.002229
3271	0.042079	0.002222
3272	0.041903	0.002688
3273	0.040234	0.002124
3274	0.041885	0.002281
3275	0.041804	0.002452
3276	0.041621	0.002316
3277	0.042392	0.002414
3278	0.042546	0.002416
3279	0.042644	0.002164
3280	0.041083	0.002213
3281	0.042597	0.002541
3282	0.040987	0.002052
3283	0.041412	0.002104
3284	0.041643	0.002592
3285	0.041448	0.002572
3286	0.041139	0.002105
3287	0.043094	0.002415
3288	0.041535	0.002178
3289	0.041007	0.002596
3290	0.041249	0.002586
3291	0.041074	0.002001
3292	0.041686	0.002359
3293	0.040513	0.002351
3294	0.041698	0.002444
3295	0.042090	0.002276
3296	0.040910	0.002310
3297	0.042555	0.002024
3298	0.040886	0.002401
3299	0.042333	0.002325
3300	0.040083	0.002431
3301	0.041522	0.002475
3302	0.040162	0.002258
3303	0.040663	0.002425
3304	0.042023	0.002372
3305	0.039878	0.001889
3306	0.040684	0.002611
3307	0.041727	0.002400
3308	0.040770	0.002356
3309	0.041912	0.002254
3310	0.042087	0.002718
3311	0.041937	0.002608
3312	0.042137	0.002374
3313	0.042035	0.002300
3314	0.040724	0.002514
3315	0.042022	0.002391
3316	0.042443	0.002410
3317	0.041796	0.002286
3318	0.040480	0.002545
3319	0.042508	0.002426
3320	0.040849	0.002634
3321	0.040822	0.002360
3322	0.041680	0.002331
3323	0.041564	0.002500
3324	0.042281	0.002226
3325	0.040884	0.002639
3326	0.041182	0.002167
3327	0.041406	0.002648
3328	0.041953	0.002425
3329	0.041284	0.002452
3330	0.042327	0.002406
3331	0.041611	0.002480
3332	0.041679	0.002421
3333	0.041807	0.002346
3334	0.042351	0.002354
3335	0.040632	0.002413
3336	0.040838	0.003170
3337	0.040758	0.002556
3338	0.041741	0.002257
3339	0.041476	0.002595
3340	0.041905	0.002205
3341	0.041536	0.002512
3342	0.041930	0.002496
3343	0.042818	0.002703
3344	0.041596	0.002568
3345	0.042592	0.002424
3346	0.042132	0.002353
3347	0.041138	0.002369
3348	0.040909	0.002453
3349	0.039949	0.002323
3350	0.041206	0.002663
3351	0.041312	0.002209
3352	0.042645	0.002419
3353	0.041762	0.002707
3354	0.041654	0.002296
3355	0.042033	0.002489
3356	0.041358	0.002541
3357	0.041290	0.002463
3358	0.041695	0.002282
3359	0.040909	0.002240
3360	0.042268	0.002666
3361	0.040579	0.002508
3362	0.041845	0.002198
3363	0.041517	0.002381
3364	0.040864	0.002361
3365	0.040871	0.002740
3366	0.041457	0.002249
3367	0.040936	0.002603
3368	0.042033	0.002197
3369	0.041611	0.002221
3370	0.041275	0.002455
3371	0.040863	0.002611
3372	0.041052	0.002307
3373	0.041878	0.002586
3374	0.042119	0.002425
3375	0.041433	0.002357
3376	0.041932	0.002381
3377	0.041898	0.002515
3378	0.040756	0.002179
3379	0.041300	0.002402
3380	0.041740	0.002141
3381	0.040995	0.002287
3382	0.041740	0.002424
3383	0.041309	0.002603
3384	0.041711	0.002111
3385	0.041649	0.002624
3386	0.041046	0.002292
3387	0.041854	0.002266
3388	0.040636	0.002392
3389	0.041225	0.002770
3390	0.041958	0.002555
3391	0.042231	0.002436
3392	0.042509	0.002907
3393	0.041833	0.002613
3394	0.041115	0.002442
3395	0.041113	0.002370
3396	0.041552	0.002423
3397	0.041353	0.002425
3398	0.041368	0.002481
3399	0.041137	0.002286
3400	0.041025	0.002080
3401	0.041168	0.002283
3402	0.041207	0.002486
3403	0.041184	0.002005
3404	0.041377	0.002332
3405	0.041920	0.002438
3406	0.042506	0.002341
3407	0.041674	0.002311
3408	0.041324	0.002540
3409	0.039972	0.002534
3410	0.041736	0.002509
3411	0.041578	0.002418
3412	0.042366	0.002196
3413	0.041494	0.002352
3414	0.041788	0.002421
3415	0.040888	0.002511
3416	0.041417	0.002151
3417	0.041712	0.002343
3418	0.040156	0.002076
3419	0.041970	0.002337
3420	0.042877	0.002307
3421	0.041457	0.001967
3422	0.040599	0.002321
3423	0.042243	0.002348
3424	0.043188	0.002141
3425	0.041236	0.002455
3426	0.041754	0.002473
3427	0.041538	0.002182
3428	0.041768	0.002399
3429	0.041515	0.002092
3430	0.041612	0.002248
3431	0.043370	0.002284
3432	0.042469	0.002349
3433	0.041573	0.002243
3434	0.041850	0.002069
3435	0.042160	0.002223
3436	0.041365	0.002392
3437	0.041945	0.002381
3438	0.042450	0.002528
3439	0.041837	0.002560
3440	0.041364	0.002468
3441	0.041354	0.002332
3442	0.040955	0.002123
3443	0.041989	0.002399
3444	0.041713	0.002175
3445	0.041081	0.002389
3446	0.041635	0.002677
3447	0.041173	0.002270
3448	0.041396	0.002199
3449	0.041572	0.002547
3450	0.041028	0.002386
3451	0.042332	0.002281
3452	0.041787	0.002270
3453	0.041467	0.002301
3454	0.041825	0.002510
3455	0.040150	0.002670
3456	0.042907	0.002508
3457	0.041229	0.002522
3458	0.042798	0.002309
3459	0.042178	0.002609
3460	0.041623	0.002031
3461	0.041796	0.002731
3462	0.041312	0.002279
3463	0.042699	0.002389
3464	0.040384	0.002364
3465	0.041909	0.002337
3466	0.040886	0.002374
3467	0.041517	0.002272
3468	0.042133	0.001980
3469	0.040432	0.002650
3470	0.041270	0.002230
3471	0.040663	0.002154
3472	0.042611	0.002091
3473	0.041635	0.002077
3474	0.041944	0.002116
3475	0.041251	0.002203
3476	0.042183	0.002543
3477	0.040423	0.002244
3478	0.040985	0.002506
3479	0.042880	0.002355
3480	0.042108	0.002443
3481	0.041295	0.002758
3482	0.043154	0.002354
3483	0.041791	0.002622
3484	0.041762	0.002501
3485	0.041920	0.001941
3486	0.042212	0.002298
3487	0.042078	0.002459
3488	0.042022	0.002074
3489	0.041032	0.002032
3490	0.040543	0.002308
3491	0.040658	0.002369
3492	0.041082	0.002115
3493	0.042187	0.002424
3494	0.041252	0.002304
3495	0.043001	0.002109
3496	0.041218	0.001921
3497	0.041542	0.002173
3498	0.041823	0.002206
3499	0.041376	0.002432
3500	0.041828	0.002292
3501	0.041350	0.002279
3502	0.041515	0.002428
3503	0.042031	0.002746
3504	0.041857	0.002170
3505	0.041266	0.002243
3506	0.040796	0.002527
3507	0.042158	0.002161
3508	0.041315	0.002045
3509	0.041378	0.002616
3510	0.040526	0.002379
3511	0.042021	0.002498
3512	0.041651	0.002678
3513	0.040613	0.002059
3514	0.041147	0.001944
3515	0.042352	0.002178
3516	0.042237	0.002037
3517	0.041160	0.002422
3518	0.041400	0.002396
3519	0.043833	0.002641
3520	0.041167	0.002337
3521	0.043130	0.002382
3522	0.040815	0.002247
3523	0.041658	0.002523
3524	0.041540	0.002334
3525	0.042870	0.002066
3526	0.040401	0.002447
3527	0.041790	0.002714
3528	0.041466	0.002510
3529	0.041103	0.002762
3530	0.041007	0.002157
3531	0.041622	0.002417
3532	0.041807	0.002356
3533	0.041644	0.002582
3534	0.041991	0.002015
3535	0.041564	0.002269
3536	0.040233	0.002489
3537	0.042072	0.002360
3538	0.043074	0.002299
3539	0.041595	0.002494
3540	0.041566	0.002439
3541	0.041970	0.002371
3542	0.041312	0.002323
3543	0.042494	0.002263
3544	0.040332	0.001984
3545	0.041251	0.002268
3546	0.042545	0.002140
3547	0.042098	0.002495
3548	0.041252	0.002579
3549	0.042233	0.002344
3550	0.041879	0.002293
3551	0.040726	0.002419
3552	0.041549	0.002588
3553	0.041284	0.001570
3554	0.042023	0.002292
3555	0.042224	0.002118
3556	0.041896	0.002489
3557	0.041773	0.002415
3558	0.041879	0.001806
3559	0.041822	0.002436
3560	0.041821	0.002143
3561	0.042283	0.002403
3562	0.042133	0.002035
3563	0.040882	0.002223
3564	0.042146	0.002158
3565	0.042227	0.002027
3566	0.041914	0.002456
3567	0.041719	0.002180
3568	0.042644	0.002127
3569	0.041993	0.001957
3570	0.041571	0.002849
3571	0.041634	0.002347
3572	0.041172	0.002528
3573	0.042151	0.002513
3574	0.040967	0.002235
3575	0.042129	0.002318
3576	0.041841	0.002224
3577	0.042478	0.002081
3578	0.041935	0.001837
3579	0.042341	0.002087
3580	0.041807	0.002268
3581	0.040996	0.002524
3582	0.041422	0.002310
3583	0.042161	0.002507
3584	0.040520	0.002475
3585	0.041671	0.002158
3586	0.040941	0.002432
3587	0.041195	0.002258
3588	0.040706	0.002734
3589	0.041728	0.002034
3590	0.039890	0.002375
3591	0.041697	0.002328
3592	0.040628	0.002173
3593	0.041712	0.002465
3594	0.041674	0.002420
3595	0.041259	0.002198
3596	0.040921	0.002347
3597	0.041601	0.002773
3598	0.042072	0.002326
3599	0.040303	0.002197
3600	0.040523	0.002086
3601	0.041115	0.002315
3602	0.041059	0.002017
3603	0.042169	0.002141
3604	0.041295	0.002473
3605	0.040875	0.002214
3606	0.041151	0.002064
3607	0.041928	0.002339
3608	0.041626	0.002139
3609	0.040706	0.002468
3610	0.041289	0.002604
3611	0.041044	0.002164
3612	0.041409	0.002386
3613	0.041312	0.002588
3614	0.042442	0.002357
3615	0.040119	0.002093
3616	0.041520	0.002604
3617	0.041885	0.002108
3618	0.042376	0.002161
3619	0.042252	0.002578
3620	0.041294	0.002180
3621	0.041251	0.002798
3622	0.041264	0.002423
3623	0.042720	0.002639
3624	0.040982	0.002381
3625	0.040767	0.002256
3626	0.042371	0.002352
3627	0.041311	0.002014
3628	0.040975	0.002365
3629	0.040896	0.002549
3630	0.041501	0.002657
3631	0.040188	0.002567
3632	0.042111	0.002165
3633	0.042162	0.002120
3634	0.041071	0.002472
3635	0.041156	0.002430
3636	0.040612	0.002311
3637	0.040750	0.002548
3638	0.041092	0.002149
3639	0.041032	0.002393
3640	0.041489	0.002308
3641	0.041439	0.002354
3642	0.042010	0.002451
3643	0.040851	0.002472
3644	0.041787	0.002311
3645	0.041465	0.002400
3646	0.041147	0.002372
3647	0.041486	0.002367
3648	0.040021	0.002316
3649	0.040946	0.002533
3650	0.041850	0.002497
3651	0.040977	0.002608
3652	0.042137	0.002659
3653	0.041661	0.002217
3654	0.040693	0.002438
3655	0.040818	0.002309
3656	0.043172	0.002209
3657	0.040841	0.002067
3658	0.042245	0.002434
3659	0.041723	0.002483
3660	0.040879	0.002515
3661	0.041306	0.002039
3662	0.040995	0.002373
3663	0.040174	0.002422
3664	0.042133	0.002350
3665	0.040391	0.002396
3666	0.040540	0.002259
3667	0.040348	0.002426
3668	0.041822	0.002671
3669	0.042496	0.002151
3670	0.042584	0.002857
3671	0.041147	0.002412
3672	0.040815	0.002315
3673	0.042485	0.002363
3674	0.040022	0.002032
3675	0.041048	0.002505
3676	0.041869	0.002421
3677	0.041858	0.002375
3678	0.041611	0.002639
3679	0.041142	0.002204
3680	0.040861	0.002277
3681	0.042150	0.002435
3682	0.041470	0.002689
3683	0.040354	0.002479
3684	0.041638	0.002125
3685	0.040948	0.002475
3686	0.041407	0.002453
3687	0.040330	0.002361
3688	0.042174	0.002103
3689	0.041248	0.002534
3690	0.041961	0.002251
3691	0.042227	0.002530
3692	0.040731	0.002383
3693	0.040987	0.002451
3694	0.040882	0.001988
3695	0.041170	0.002390
3696	0.040893	0.002456
3697	0.041408	0.002569
3698	0.041396	0.002321
3699	0.041322	0.002717
3700	0.040619	0.002246
3701	0.041756	0.002272
3702	0.041157	0.002376
3703	0.041738	0.002420
3704	0.040943	0.002667
3705	0.041895	0.002573
3706	0.041366	0.002310
3707	0.040080	0.002262
3708	0.041169	0.002494
3709	0.041525	0.002552
3710	0.039959	0.002351
3711	0.041059	0.002410
3712	0.040631	0.002443
3713	0.042210	0.002188
3714	0.041654	0.002299
3715	0.040349	0.002255
3716	0.042039	0.002558
3717	0.041445	0.002175
3718	0.041460	0.002176
3719	0.042377	0.002382
3720	0.040184	0.002354
3721	0.041608	0.002448
3722	0.042523	0.002668
3723	0.039735	0.002244
3724	0.040667	0.002389
3725	0.040586	0.002145
3726	0.041698	0.002198
3727	0.041413	0.002228
3728	0.040805	0.002215
3729	0.041001	0.002059
3730	0.041022	0.002332
3731	0.040135	0.002368
3732	0.041695	0.002402
3733	0.041359	0.002506
3734	0.041448	0.002200
3735	0.041053	0.002188
3736	0.041143	0.002373
3737	0.040911	0.002518
3738	0.042356	0.002655
3739	0.040154	0.002430
3740	0.040771	0.002334
3741	0.041184	0.002308
3742	0.040707	0.002422
3743	0.041430	0.002191
3744	0.040570	0.002590
3745	0.040807	0.002053
3746	0.041055	0.002606
3747	0.041287	0.002586
3748	0.040545	0.002553
3749	0.041214	0.002242
3750	0.040809	0.002228
3751	0.040760	0.002455
3752	0.040841	0.002301
3753	0.040894	0.001918
3754	0.040210	0.001993
3755	0.041685	0.002504
3756	0.040079	0.002152
3757	0.041096	0.002540
3758	0.040429	0.002104
3759	0.042004	0.002477
3760	0.040770	0.001795
3761	0.040853	0.002517
3762	0.040914	0.002176
3763	0.041436	0.002133
3764	0.041618	0.002285
3765	0.041594	0.002381
3766	0.041098	0.001943
3767	0.042077	0.002311
3768	0.040704	0.002341
3769	0.040750	0.002297
3770	0.041128	0.002158
3771	0.042172	0.002118
3772	0.040697	0.002236
3773	0.041787	0.002537
3774	0.041205	0.002396
3775	0.040067	0.002414
3776	0.040690	0.002525
3777	0.040687	0.002472
3778	0.040554	0.002448
3779	0.041857	0.002467
3780	0.041071	0.002544
3781	0.041954	0.002084
3782	0.040783	0.002526
3783	0.041650	0.002204
3784	0.041873	0.002338
3785	0.040031	0.002555
3786	0.041951	0.002252
3787	0.041003	0.002204
3788	0.040594	0.002322
3789	0.039989	0.002276
3790	0.040810	0.002598
3791	0.041007	0.002090
3792	0.041223	0.002591
3793	0.040504	0.002459
3794	0.040366	0.002393
3795	0.041843	0.002815
3796	0.040447	0.002347
3797	0.040641	0.002321
3798	0.041254	0.002087
3799	0.043484	0.002451
3800	0.041297	0.002045
3801	0.042399	0.002616
3802	0.040596	0.002272
3803	0.041242	0.002636
3804	0.040920	0.002446
3805	0.041988	0.002468
3806	0.039925	0.002235
3807	0.040890	0.002496
3808	0.040487	0.002467
3809	0.040346	0.002321
3810	0.040723	0.002443
3811	0.040261	0.002670
3812	0.040888	0.002159
3813	0.041251	0.002302
3814	0.041332	0.002380
3815	0.040866	0.002458
3816	0.040332	0.002591
3817	0.041483	0.002327
3818	0.041983	0.002624
3819	0.041460	0.002317
3820	0.041018	0.002886
3821	0.040749	0.002314
3822	0.040581	0.002472
3823	0.041435	0.002699
3824	0.040051	0.002872
3825	0.041510	0.002537
3826	0.040767	0.002846
3827	0.039940	0.002526
3828	0.040866	0.002449
3829	0.041266	0.002348
3830	0.042151	0.002343
3831	0.041199	0.002568
3832	0.041002	0.002660
3833	0.040204	0.002365
3834	0.041000	0.002464
3835	0.040612	0.002566
3836	0.040496	0.002814
3837	0.040256	0.002606
3838	0.041273	0.002479
3839	0.041875	0.002547
3840	0.041082	0.002754
3841	0.040308	0.002484
3842	0.041310	0.002253
3843	0.040558	0.002505
3844	0.040258	0.002510
3845	0.041377	0.002151
3846	0.041192	0.002584
3847	0.041025	0.002950
3848	0.040597	0.002347
3849	0.038880	0.002304
3850	0.042091	0.002428
3851	0.041802	0.002417
3852	0.041104	0.002236
3853	0.041312	0.002524
3854	0.039943	0.002474
3855	0.041578	0.002728
3856	0.039689	0.002450
3857	0.039456	0.002306
3858	0.040251	0.002411
3859	0.040981	0.002753
3860	0.041169	0.002728
3861	0.040910	0.002706
3862	0.041454	0.002498
3863	0.041071	0.002370
3864	0.042203	0.002670
3865	0.040839	0.002643
3866	0.040950	0.002646
3867	0.040846	0.002328
3868	0.041866	0.002601
3869	0.041657	0.002797
3870	0.040608	0.002873
3871	0.040958	0.002734
3872	0.041699	0.002403
3873	0.041831	0.002564
3874	0.041883	0.002609
3875	0.041932	0.002803
3876	0.041641	0.002522
3877	0.041828	0.002410
3878	0.041040	0.002824
3879	0.040758	0.002525
3880	0.042243	0.002740
3881	0.041121	0.002619
3882	0.042006	0.002407
3883	0.041077	0.002600
3884	0.042454	0.002709
3885	0.042931	0.002369
3886	0.041244	0.003018
3887	0.041817	0.002347
3888	0.041659	0.002550
3889	0.041299	0.002801
3890	0.041089	0.002441
3891	0.041521	0.002393
3892	0.041381	0.002275
3893	0.040558	0.002603
3894	0.041661	0.002618
3895	0.041064	0.002654
3896	0.040149	0.002430
3897	0.041241	0.002530
3898	0.040582	0.002667
3899	0.040447	0.002927
3900	0.041335	0.002390
3901	0.041552	0.002508
3902	0.041158	0.002727
3903	0.041035	0.002246
3904	0.040489	0.002878
3905	0.040972	0.002814
3906	0.041925	0.002762
3907	0.041730	0.002733
3908	0.041864	0.002896
3909	0.041644	0.002228
3910	0.041300	0.002973
3911	0.041648	0.002422
3912	0.041718	0.002615
3913	0.040452	0.002332
3914	0.042723	0.002527
3915	0.041803	0.002437
3916	0.041478	0.002540
3917	0.041324	0.002449
3918	0.041237	0.002517
3919	0.040768	0.002780
3920	0.041043	0.002495
3921	0.040541	0.002241
3922	0.040619	0.002590
3923	0.040661	0.002655
3924	0.040044	0.002398
3925	0.040901	0.002408
3926	0.041045	0.002664
3927	0.040956	0.002571
3928	0.041268	0.002457
3929	0.041240	0.002758
3930	0.042080	0.002598
3931	0.040517	0.002625
3932	0.040132	0.002363
3933	0.040702	0.002629
3934	0.040625	0.002387
3935	0.040745	0.002372
3936	0.040702	0.002882
3937	0.040976	0.002352
3938	0.041114	0.002905
3939	0.041424	0.002556
3940	0.040388	0.002440
3941	0.040497	0.002515
3942	0.040396	0.002437
3943	0.041000	0.002604
3944	0.040661	0.002880
3945	0.040468	0.002453
3946	0.039685	0.002708
3947	0.041228	0.002967
3948	0.041973	0.002543
3949	0.042409	0.002629
3950	0.040755	0.002811
3951	0.042115	0.002838
3952	0.040125	0.002576
3953	0.041582	0.002361
3954	0.040667	0.002600
3955	0.042333	0.002805
3956	0.041045	0.002535
3957	0.041896	0.002788
3958	0.041117	0.002721
3959	0.042605	0.002660
3960	0.040343	0.002678
3961	0.042956	0.002739
3962	0.040586	0.002517
3963	0.040938	0.002576
3964	0.041073	0.002899
3965	0.040257	0.002579
3966	0.041128	0.002569
3967	0.040446	0.002606
3968	0.041719	0.002453
3969	0.040994	0.002796
3970	0.040612	0.002462
3971	0.040638	0.002819
3972	0.039926	0.002666
3973	0.041973	0.002355
3974	0.040544	0.002521
3975	0.040445	0.002590
3976	0.041049	0.002588
3977	0.040889	0.002671
3978	0.041618	0.002734
3979	0.040931	0.002509
3980	0.040953	0.002676
3981	0.040804	0.002884
3982	0.040541	0.002469
3983	0.042120	0.002670
3984	0.040788	0.002405
3985	0.039818	0.002788
3986	0.039493	0.002500
3987	0.041098	0.002820
3988	0.040698	0.002878
3989	0.040788	0.002681
3990	0.040750	0.002792
3991	0.042076	0.002790
3992	0.041490	0.002303
3993	0.041520	0.002642
3994	0.041294	0.003175
3995	0.041103	0.002840
3996	0.042295	0.002627
3997	0.041675	0.002679
3998	0.041720	0.002980
3999	0.040514	0.002432
4000	0.041001	0.002996
