#Tensor product hilbert space dimension: 4; Number of simulations: 2;
#Separable DMs were read from: /home/julio/Documents/my_projects/TFM/code/entanglement_2x2/input_data/received_from_DM/pure_states/separable.txt; Entangled DMs were read from: /home/julio/Documents/my_projects/TFM/code/entanglement_2x2/input_data/generated/pure_states/negativity_(0.0, 0.1).txt;
#Architecture of the MLP: [64, 32, 16, 1]; Number of epochs: 4000; Fraction of DMs used for training: 0.8;
#Activation function in the hidden layers: relu; Activation function in the output layer: sigmoid; Loss function: binary_crossentropy;
#Batch size: 40; Test tolerance: 0.5; DMs were read with redundancy: False;
#Sucess rate averaged over every simulation and over every sample in the test set: 87.9375%
#Sample standard deviation for averaged success rate: 0.3996470610895318%
#Same average success rate for supplementary tests: [0.957625, 0.9814, 0.98255, 0.982925, 0.982925, 0.94635, 0.946075, 0.947025, 0.946775, 0.94655]%
#Sample STD for averaged success rate in supplementary tests: [0.001088964172390442, 0.000702817188179115, 0.0006799079900986575, 0.0006734591440837332, 0.0006734591440837332, 0.001165046726530743, 0.0011668246306750655, 0.0011587956975886652, 0.0011609177269513978, 0.0011628219446673683]%
#Epoch	Loss	Sample STD
1	0.692732	0.000245
2	0.689839	0.000344
3	0.687094	0.000396
4	0.684801	0.000456
5	0.682303	0.000122
6	0.679841	0.000262
7	0.677281	0.000182
8	0.675447	0.000150
9	0.672844	0.000030
10	0.670176	0.000147
11	0.668197	0.000267
12	0.664685	0.000120
13	0.662084	0.000763
14	0.658672	0.001110
15	0.654082	0.001306
16	0.648853	0.002324
17	0.643643	0.003642
18	0.638148	0.004142
19	0.630850	0.005177
20	0.623265	0.005987
21	0.614854	0.007109
22	0.604912	0.008499
23	0.595380	0.009258
24	0.584208	0.010228
25	0.572080	0.011595
26	0.561207	0.012928
27	0.548882	0.013115
28	0.535338	0.014001
29	0.522910	0.013987
30	0.510815	0.014143
31	0.498438	0.013868
32	0.484896	0.014030
33	0.472419	0.013198
34	0.459917	0.012634
35	0.448436	0.011374
36	0.435260	0.011500
37	0.424630	0.010350
38	0.412823	0.009928
39	0.402202	0.009312
40	0.393762	0.008549
41	0.383070	0.008517
42	0.374212	0.006696
43	0.365192	0.007498
44	0.356871	0.006654
45	0.349219	0.006503
46	0.341839	0.006333
47	0.336730	0.005333
48	0.329130	0.006699
49	0.322274	0.005491
50	0.316164	0.006443
51	0.309803	0.006575
52	0.305377	0.007301
53	0.299464	0.005942
54	0.293545	0.007292
55	0.289692	0.005639
56	0.285826	0.007707
57	0.283045	0.006564
58	0.279140	0.006331
59	0.273764	0.006506
60	0.270277	0.007115
61	0.266289	0.007047
62	0.264100	0.007628
63	0.260092	0.007647
64	0.256735	0.006520
65	0.254639	0.006643
66	0.251135	0.006157
67	0.247765	0.006791
68	0.244025	0.006021
69	0.243989	0.005168
70	0.241876	0.005575
71	0.238134	0.006700
72	0.232734	0.006357
73	0.230805	0.006829
74	0.229838	0.006387
75	0.226284	0.005955
76	0.221999	0.006075
77	0.223019	0.005600
78	0.219999	0.003880
79	0.217837	0.007722
80	0.215470	0.005201
81	0.215892	0.005941
82	0.212705	0.007132
83	0.212423	0.006946
84	0.208866	0.005470
85	0.207804	0.005534
86	0.206155	0.005747
87	0.205495	0.006374
88	0.203520	0.005408
89	0.202065	0.006026
90	0.200901	0.006458
91	0.199220	0.006781
92	0.198412	0.006043
93	0.197021	0.006964
94	0.195147	0.004885
95	0.194995	0.007359
96	0.192801	0.006854
97	0.192256	0.006650
98	0.191222	0.006317
99	0.190871	0.005956
100	0.187833	0.006361
101	0.186763	0.005848
102	0.186032	0.006550
103	0.184869	0.007468
104	0.182576	0.006777
105	0.181098	0.006070
106	0.181946	0.007016
107	0.181490	0.006029
108	0.179856	0.007386
109	0.179898	0.006470
110	0.178273	0.007000
111	0.177383	0.006869
112	0.175113	0.007386
113	0.175800	0.006976
114	0.173179	0.006697
115	0.172856	0.008123
116	0.170834	0.007701
117	0.172939	0.007497
118	0.170201	0.006315
119	0.168804	0.008504
120	0.168908	0.006847
121	0.167703	0.007855
122	0.168175	0.007601
123	0.166125	0.007055
124	0.166622	0.006811
125	0.164519	0.007334
126	0.165491	0.007821
127	0.161122	0.007741
128	0.161736	0.008141
129	0.161644	0.006243
130	0.160602	0.007539
131	0.160686	0.007577
132	0.158751	0.008910
133	0.158052	0.008321
134	0.158513	0.007769
135	0.156361	0.007183
136	0.156500	0.007374
137	0.154603	0.007447
138	0.155751	0.007538
139	0.155264	0.008375
140	0.153470	0.006831
141	0.155268	0.007248
142	0.151359	0.007161
143	0.152792	0.007556
144	0.149781	0.007661
145	0.151664	0.008824
146	0.152276	0.008569
147	0.149464	0.008677
148	0.149675	0.008062
149	0.148835	0.008615
150	0.147250	0.008567
151	0.148666	0.008439
152	0.148032	0.008698
153	0.146535	0.007474
154	0.144496	0.008194
155	0.145824	0.007067
156	0.144667	0.007763
157	0.146180	0.008062
158	0.144864	0.007986
159	0.144158	0.008721
160	0.141382	0.007273
161	0.142391	0.007594
162	0.142249	0.007244
163	0.140158	0.009032
164	0.141726	0.008126
165	0.140277	0.007802
166	0.138534	0.008676
167	0.138449	0.007751
168	0.139200	0.007213
169	0.138819	0.007552
170	0.138520	0.008502
171	0.136274	0.007944
172	0.138879	0.007516
173	0.137412	0.009302
174	0.138301	0.008142
175	0.135827	0.008447
176	0.135691	0.009160
177	0.134828	0.006992
178	0.133436	0.007711
179	0.133408	0.008251
180	0.135385	0.006977
181	0.135435	0.008659
182	0.132482	0.008441
183	0.133370	0.008138
184	0.132862	0.007939
185	0.130805	0.006634
186	0.128741	0.006774
187	0.129261	0.007567
188	0.131094	0.007427
189	0.131159	0.007948
190	0.128375	0.007587
191	0.129451	0.008766
192	0.129352	0.007427
193	0.127541	0.008800
194	0.128252	0.007223
195	0.131176	0.005942
196	0.128770	0.006485
197	0.125688	0.007408
198	0.126883	0.007748
199	0.125923	0.007766
200	0.128613	0.006644
201	0.124803	0.008417
202	0.126334	0.007709
203	0.125457	0.007038
204	0.124699	0.006552
205	0.125125	0.007729
206	0.123999	0.006345
207	0.124072	0.007354
208	0.124004	0.006327
209	0.123801	0.006904
210	0.124779	0.006596
211	0.122293	0.007721
212	0.122664	0.007242
213	0.123873	0.006357
214	0.121465	0.008192
215	0.122964	0.007361
216	0.122372	0.006688
217	0.120786	0.007235
218	0.119900	0.006934
219	0.119833	0.007266
220	0.118404	0.006626
221	0.120518	0.006031
222	0.119827	0.007961
223	0.120540	0.007667
224	0.119450	0.005822
225	0.118985	0.005937
226	0.119044	0.007153
227	0.115812	0.006669
228	0.117806	0.006932
229	0.119138	0.007532
230	0.118479	0.006941
231	0.117650	0.006821
232	0.117087	0.007126
233	0.116461	0.006827
234	0.115510	0.006893
235	0.116574	0.007249
236	0.114746	0.007061
237	0.116008	0.005812
238	0.116445	0.007946
239	0.115810	0.005717
240	0.116488	0.005794
241	0.114132	0.005218
242	0.115138	0.005382
243	0.113668	0.006567
244	0.113224	0.007522
245	0.113558	0.006598
246	0.113346	0.005988
247	0.112850	0.007653
248	0.110914	0.007155
249	0.113084	0.007471
250	0.111399	0.006705
251	0.111007	0.005206
252	0.110285	0.007071
253	0.111222	0.006328
254	0.110131	0.006643
255	0.111029	0.006637
256	0.111189	0.006375
257	0.109349	0.007165
258	0.109348	0.006521
259	0.109533	0.006301
260	0.108693	0.006790
261	0.107331	0.006101
262	0.108740	0.006373
263	0.109038	0.006757
264	0.108716	0.006973
265	0.107110	0.006808
266	0.108257	0.006525
267	0.107943	0.005672
268	0.109022	0.005569
269	0.107258	0.006879
270	0.106889	0.005083
271	0.108659	0.006646
272	0.106416	0.004618
273	0.107885	0.005213
274	0.107788	0.005325
275	0.107617	0.005488
276	0.106537	0.005026
277	0.103731	0.004682
278	0.106027	0.006537
279	0.105574	0.004677
280	0.105278	0.006173
281	0.102333	0.004297
282	0.104240	0.004941
283	0.104534	0.004987
284	0.106208	0.004804
285	0.103177	0.004823
286	0.102655	0.003449
287	0.102747	0.005452
288	0.103700	0.005053
289	0.101649	0.005284
290	0.102886	0.005138
291	0.101130	0.004752
292	0.103045	0.004954
293	0.101378	0.005060
294	0.102757	0.002976
295	0.099917	0.002937
296	0.100114	0.004088
297	0.099222	0.005731
298	0.102168	0.005565
299	0.100801	0.004266
300	0.098153	0.004763
301	0.099426	0.006497
302	0.099200	0.006624
303	0.099631	0.005359
304	0.098999	0.004394
305	0.099776	0.004795
306	0.100161	0.005206
307	0.098685	0.003812
308	0.098643	0.004872
309	0.099997	0.004899
310	0.096317	0.003582
311	0.097164	0.004748
312	0.097712	0.003495
313	0.097263	0.003514
314	0.095692	0.003975
315	0.096917	0.004629
316	0.095356	0.004943
317	0.096651	0.005666
318	0.096965	0.004907
319	0.095132	0.004789
320	0.096672	0.004602
321	0.095491	0.003864
322	0.096236	0.004776
323	0.094961	0.005273
324	0.097131	0.005243
325	0.092117	0.003710
326	0.094918	0.004988
327	0.095071	0.004780
328	0.093213	0.005063
329	0.094411	0.004722
330	0.092575	0.005418
331	0.093071	0.003493
332	0.095043	0.005182
333	0.094258	0.005061
334	0.092771	0.003445
335	0.093673	0.005256
336	0.095833	0.004540
337	0.092309	0.004759
338	0.095105	0.005062
339	0.092319	0.005873
340	0.093871	0.003588
341	0.092319	0.004551
342	0.092108	0.004378
343	0.092786	0.003875
344	0.091425	0.003469
345	0.092171	0.005404
346	0.092412	0.003813
347	0.092552	0.003126
348	0.091939	0.003397
349	0.089965	0.003548
350	0.090480	0.005047
351	0.090726	0.004772
352	0.089794	0.005030
353	0.089543	0.004926
354	0.088846	0.004228
355	0.091598	0.004316
356	0.091088	0.003829
357	0.089463	0.003831
358	0.088282	0.004102
359	0.089853	0.004309
360	0.087803	0.003844
361	0.088421	0.002823
362	0.090251	0.005091
363	0.087317	0.003177
364	0.089504	0.003715
365	0.087725	0.003497
366	0.089715	0.004421
367	0.088188	0.004265
368	0.088977	0.003576
369	0.087794	0.003769
370	0.086444	0.004457
371	0.087773	0.003919
372	0.086780	0.003187
373	0.087076	0.004583
374	0.086951	0.002875
375	0.086054	0.005513
376	0.085798	0.004715
377	0.087589	0.002762
378	0.086616	0.003204
379	0.086400	0.002783
380	0.086154	0.003681
381	0.085215	0.004679
382	0.087070	0.004911
383	0.085114	0.002601
384	0.085461	0.003569
385	0.085565	0.003278
386	0.084143	0.004799
387	0.083244	0.003351
388	0.083364	0.002318
389	0.082378	0.004608
390	0.083280	0.003583
391	0.083290	0.002855
392	0.082940	0.003395
393	0.082973	0.003718
394	0.082896	0.002925
395	0.082409	0.003793
396	0.083686	0.003443
397	0.084614	0.002434
398	0.083456	0.003984
399	0.081718	0.002410
400	0.083968	0.002865
401	0.081813	0.003743
402	0.083645	0.002264
403	0.083244	0.003801
404	0.082323	0.002770
405	0.081564	0.003622
406	0.083614	0.001471
407	0.082631	0.002246
408	0.082547	0.004737
409	0.081459	0.002093
410	0.081932	0.003324
411	0.083147	0.002967
412	0.079739	0.003797
413	0.082640	0.002400
414	0.080518	0.002069
415	0.080890	0.002917
416	0.080280	0.001492
417	0.080643	0.001645
418	0.079085	0.002641
419	0.080990	0.002101
420	0.080697	0.001125
421	0.078754	0.000665
422	0.080238	0.004471
423	0.080885	0.002459
424	0.081991	0.001533
425	0.077077	0.003030
426	0.078045	0.002697
427	0.077643	0.002895
428	0.080496	0.002401
429	0.080782	0.002400
430	0.079595	0.002046
431	0.081292	0.001121
432	0.079355	0.000895
433	0.079222	0.000302
434	0.078200	0.002051
435	0.077357	0.002877
436	0.078184	0.001250
437	0.078554	0.001977
438	0.078609	0.002178
439	0.078497	0.001697
440	0.079777	0.002057
441	0.076470	0.001645
442	0.077483	0.002186
443	0.076950	0.001331
444	0.079119	0.002824
445	0.076466	0.001992
446	0.075568	0.001026
447	0.076001	0.001952
448	0.078433	0.002024
449	0.077749	0.001278
450	0.078343	0.002184
451	0.075737	0.001647
452	0.077315	0.002010
453	0.077289	0.003418
454	0.075854	0.000918
455	0.076773	0.003137
456	0.079433	0.002986
457	0.076211	0.002997
458	0.078414	0.000871
459	0.077988	0.003020
460	0.077318	0.003670
461	0.074306	0.001757
462	0.076770	0.002131
463	0.074766	0.004155
464	0.075379	0.002587
465	0.076328	0.002566
466	0.076947	0.001933
467	0.075824	0.002469
468	0.073865	0.001750
469	0.075092	0.002710
470	0.072936	0.000769
471	0.075568	0.002560
472	0.075939	0.002444
473	0.073423	0.000774
474	0.074980	0.002081
475	0.074414	0.002879
476	0.074795	0.001645
477	0.075598	0.002199
478	0.074763	0.002111
479	0.077843	0.003315
480	0.072450	0.002168
481	0.073313	0.001372
482	0.074225	0.003227
483	0.073611	0.001442
484	0.073419	0.002330
485	0.074210	0.001324
486	0.075048	0.001215
487	0.073843	0.002625
488	0.074939	0.002200
489	0.073050	0.002060
490	0.071765	0.001476
491	0.073923	0.001608
492	0.074019	0.002375
493	0.075348	0.002483
494	0.069671	0.000692
495	0.073888	0.003093
496	0.075800	0.002157
497	0.072941	0.003038
498	0.074452	0.001128
499	0.071909	0.001561
500	0.075692	0.002549
501	0.072557	0.001967
502	0.071321	0.002780
503	0.071363	0.000624
504	0.070455	0.001393
505	0.073587	0.002280
506	0.072069	0.002188
507	0.072354	0.002116
508	0.070997	0.001234
509	0.072399	0.002581
510	0.072182	0.003142
511	0.072464	0.001402
512	0.071468	0.001901
513	0.070567	0.002323
514	0.072505	0.001135
515	0.070973	0.003601
516	0.070203	0.000932
517	0.071167	0.002841
518	0.071988	0.002243
519	0.069322	0.001936
520	0.072731	0.002900
521	0.070776	0.001892
522	0.069941	0.001364
523	0.072066	0.001334
524	0.070085	0.001707
525	0.070157	0.000201
526	0.072717	0.000122
527	0.069878	0.002367
528	0.072312	0.001998
529	0.069660	0.001845
530	0.069646	0.000092
531	0.070096	0.002013
532	0.071410	0.001928
533	0.069644	0.001485
534	0.071713	0.002605
535	0.069786	0.000781
536	0.068377	0.001431
537	0.071272	0.000154
538	0.070613	0.002973
539	0.069960	0.000304
540	0.069381	0.000949
541	0.068450	0.000548
542	0.071224	0.000094
543	0.069927	0.002708
544	0.070103	0.000798
545	0.070456	0.000903
546	0.067794	0.002092
547	0.069920	0.001073
548	0.067030	0.002473
549	0.070647	0.001974
550	0.068619	0.000833
551	0.069450	0.000759
552	0.068592	0.001397
553	0.069868	0.000073
554	0.068920	0.000355
555	0.069245	0.001704
556	0.069703	0.002068
557	0.068297	0.001365
558	0.068153	0.001301
559	0.068198	0.001422
560	0.068612	0.000624
561	0.066403	0.003243
562	0.067653	0.002242
563	0.067781	0.001754
564	0.066661	0.003489
565	0.067022	0.001907
566	0.069386	0.001377
567	0.066991	0.000540
568	0.068447	0.002168
569	0.067042	0.001534
570	0.069435	0.001173
571	0.069299	0.001199
572	0.066545	0.001744
573	0.067727	0.001405
574	0.069245	0.000768
575	0.068167	0.001511
576	0.066535	0.001994
577	0.064740	0.000388
578	0.070186	0.001817
579	0.067803	0.001398
580	0.066729	0.001271
581	0.068002	0.000697
582	0.066373	0.003084
583	0.066918	0.001342
584	0.065069	0.000012
585	0.066815	0.000797
586	0.068462	0.001959
587	0.069368	0.002153
588	0.066560	0.000488
589	0.068736	0.001484
590	0.067075	0.000401
591	0.065888	0.002122
592	0.067363	0.000821
593	0.065823	0.001080
594	0.067776	0.002398
595	0.064635	0.000368
596	0.065650	0.001257
597	0.064527	0.002038
598	0.069221	0.000275
599	0.066403	0.000934
600	0.071083	0.000531
601	0.067840	0.000918
602	0.066160	0.000012
603	0.065677	0.002536
604	0.066461	0.001016
605	0.066652	0.003031
606	0.064124	0.000611
607	0.064066	0.000488
608	0.064826	0.001187
609	0.065368	0.000746
610	0.067297	0.001675
611	0.064250	0.001649
612	0.063360	0.001271
613	0.067370	0.002840
614	0.067862	0.000898
615	0.063587	0.001175
616	0.066379	0.001338
617	0.065748	0.000486
618	0.065510	0.001504
619	0.063490	0.002002
620	0.065804	0.001474
621	0.066496	0.001958
622	0.065025	0.002095
623	0.066127	0.000125
624	0.065424	0.000559
625	0.064426	0.000230
626	0.064363	0.002917
627	0.068085	0.000597
628	0.065829	0.001378
629	0.064356	0.001199
630	0.063885	0.001022
631	0.065698	0.001992
632	0.064492	0.000512
633	0.064199	0.000704
634	0.064281	0.003103
635	0.064026	0.001919
636	0.064639	0.000806
637	0.065290	0.001422
638	0.064403	0.001197
639	0.061214	0.000563
640	0.066383	0.002421
641	0.063767	0.001680
642	0.062096	0.002043
643	0.063595	0.000820
644	0.064149	0.003403
645	0.063924	0.000959
646	0.065610	0.000116
647	0.065488	0.002090
648	0.066042	0.000506
649	0.064733	0.001532
650	0.065920	0.001125
651	0.065242	0.002297
652	0.065772	0.001028
653	0.065509	0.000282
654	0.064594	0.001115
655	0.065006	0.001202
656	0.063858	0.000997
657	0.062567	0.000218
658	0.063538	0.000447
659	0.065065	0.000589
660	0.063608	0.002307
661	0.063256	0.001073
662	0.062798	0.001280
663	0.062712	0.000588
664	0.063813	0.004186
665	0.064863	0.002673
666	0.063391	0.003158
667	0.063210	0.000795
668	0.065808	0.002919
669	0.063234	0.000922
670	0.062012	0.002841
671	0.062305	0.000361
672	0.062416	0.001866
673	0.063810	0.000768
674	0.061775	0.001454
675	0.061869	0.001160
676	0.063554	0.000483
677	0.060864	0.001717
678	0.062907	0.001101
679	0.064149	0.000529
680	0.060914	0.002139
681	0.062273	0.001171
682	0.062432	0.001534
683	0.060259	0.003212
684	0.064598	0.002140
685	0.059751	0.001112
686	0.059696	0.000435
687	0.062158	0.002142
688	0.060719	0.002087
689	0.061994	0.000887
690	0.064296	0.002498
691	0.060330	0.003128
692	0.063466	0.002706
693	0.061282	0.002460
694	0.064175	0.000249
695	0.063435	0.000256
696	0.061202	0.001865
697	0.063861	0.001034
698	0.061147	0.002364
699	0.062527	0.001563
700	0.063491	0.001946
701	0.061454	0.002367
702	0.059462	0.001938
703	0.062528	0.003773
704	0.061087	0.003104
705	0.059992	0.002437
706	0.062740	0.003556
707	0.061369	0.002319
708	0.061575	0.001624
709	0.061831	0.002588
710	0.061898	0.002126
711	0.060952	0.003563
712	0.061521	0.003922
713	0.060767	0.001300
714	0.059150	0.001709
715	0.060753	0.001699
716	0.063421	0.001314
717	0.062668	0.001738
718	0.060973	0.000924
719	0.062171	0.003485
720	0.059080	0.000509
721	0.061959	0.001446
722	0.059199	0.001480
723	0.061855	0.001457
724	0.062069	0.000810
725	0.061887	0.003581
726	0.061990	0.002433
727	0.059355	0.002222
728	0.063819	0.003716
729	0.062224	0.000782
730	0.061209	0.001786
731	0.058016	0.002732
732	0.060086	0.002057
733	0.062058	0.001554
734	0.059930	0.002714
735	0.060528	0.001755
736	0.063007	0.003294
737	0.061868	0.002081
738	0.059772	0.003147
739	0.057094	0.002678
740	0.060397	0.002109
741	0.060560	0.001625
742	0.061485	0.002062
743	0.060335	0.001352
744	0.060998	0.001868
745	0.059980	0.000933
746	0.060906	0.002632
747	0.061832	0.001009
748	0.059802	0.001391
749	0.060335	0.003640
750	0.060410	0.002612
751	0.061030	0.002766
752	0.058942	0.000290
753	0.062958	0.001606
754	0.059535	0.003007
755	0.061145	0.002810
756	0.059975	0.003310
757	0.061617	0.003520
758	0.063257	0.002985
759	0.058191	0.002492
760	0.063016	0.002778
761	0.062071	0.004660
762	0.059267	0.001877
763	0.061390	0.003132
764	0.059193	0.003578
765	0.059065	0.003387
766	0.062407	0.001458
767	0.058494	0.003059
768	0.060410	0.003082
769	0.059632	0.002943
770	0.060787	0.005396
771	0.058968	0.002860
772	0.058087	0.003889
773	0.061069	0.004549
774	0.059805	0.002168
775	0.061339	0.004218
776	0.057516	0.003479
777	0.059363	0.002368
778	0.062723	0.002381
779	0.058543	0.002773
780	0.060335	0.002913
781	0.058829	0.003209
782	0.059249	0.002477
783	0.059733	0.002860
784	0.061248	0.002620
785	0.059729	0.001399
786	0.057121	0.002213
787	0.058110	0.003325
788	0.058370	0.003748
789	0.057992	0.002463
790	0.059500	0.002374
791	0.058800	0.003978
792	0.059450	0.003601
793	0.059233	0.001784
794	0.059640	0.003965
795	0.060590	0.003735
796	0.059551	0.003614
797	0.058347	0.003384
798	0.057746	0.002439
799	0.060136	0.002367
800	0.056721	0.002568
801	0.060766	0.003273
802	0.057519	0.003674
803	0.058524	0.003321
804	0.058256	0.002465
805	0.058038	0.003347
806	0.058002	0.003798
807	0.058544	0.002269
808	0.058101	0.001802
809	0.059698	0.000627
810	0.060486	0.003781
811	0.057006	0.003189
812	0.058878	0.000915
813	0.057796	0.002969
814	0.059871	0.001969
815	0.058480	0.001667
816	0.056634	0.002983
817	0.055050	0.003280
818	0.058878	0.004270
819	0.060538	0.003406
820	0.055440	0.001845
821	0.058898	0.002901
822	0.060606	0.001110
823	0.056469	0.003083
824	0.057917	0.001603
825	0.058180	0.003140
826	0.059393	0.004580
827	0.060192	0.004461
828	0.059200	0.001769
829	0.057713	0.002477
830	0.058835	0.002839
831	0.057800	0.003234
832	0.055858	0.003433
833	0.058748	0.002693
834	0.057683	0.003598
835	0.056619	0.004611
836	0.058919	0.001859
837	0.061328	0.000966
838	0.055900	0.002731
839	0.060496	0.001441
840	0.058340	0.003177
841	0.057133	0.002864
842	0.058274	0.002488
843	0.059126	0.004173
844	0.057616	0.004495
845	0.057099	0.000830
846	0.059658	0.002580
847	0.058598	0.003086
848	0.058717	0.002959
849	0.059004	0.001011
850	0.057075	0.001615
851	0.058045	0.001423
852	0.057042	0.002100
853	0.056463	0.001358
854	0.056231	0.002075
855	0.057965	0.003938
856	0.056239	0.002343
857	0.056814	0.001124
858	0.059394	0.001940
859	0.060246	0.003101
860	0.057279	0.002209
861	0.057110	0.000467
862	0.058339	0.003627
863	0.058735	0.000876
864	0.060744	0.003321
865	0.058083	0.002715
866	0.057857	0.002616
867	0.057424	0.002434
868	0.059328	0.000816
869	0.059160	0.002496
870	0.055150	0.003909
871	0.058816	0.003382
872	0.060363	0.003137
873	0.057987	0.001184
874	0.056670	0.002038
875	0.060496	0.000956
876	0.058607	0.003482
877	0.058520	0.002972
878	0.054780	0.003443
879	0.057890	0.001104
880	0.060006	0.002456
881	0.055783	0.002791
882	0.060758	0.001985
883	0.059188	0.000409
884	0.060209	0.001327
885	0.055475	0.002658
886	0.054387	0.002254
887	0.059015	0.001548
888	0.056406	0.002100
889	0.056063	0.002645
890	0.056811	0.002659
891	0.056662	0.001546
892	0.056944	0.001857
893	0.057727	0.002627
894	0.057152	0.003286
895	0.058960	0.000912
896	0.056227	0.002782
897	0.058646	0.000859
898	0.056968	0.002118
899	0.056265	0.002803
900	0.057765	0.001713
901	0.060164	0.003024
902	0.056985	0.001787
903	0.056390	0.002691
904	0.057371	0.002530
905	0.056530	0.002389
906	0.056860	0.003047
907	0.057943	0.001456
908	0.058007	0.003124
909	0.055567	0.001921
910	0.057559	0.001646
911	0.055581	0.002973
912	0.056285	0.004502
913	0.057171	0.002537
914	0.056994	0.001646
915	0.056528	0.003989
916	0.056264	0.000050
917	0.057715	0.002957
918	0.054197	0.002559
919	0.058945	0.003012
920	0.057591	0.002679
921	0.058833	0.001263
922	0.058017	0.001179
923	0.054653	0.001722
924	0.057371	0.000760
925	0.056261	0.000156
926	0.056021	0.002538
927	0.058874	0.002883
928	0.055233	0.000926
929	0.055505	0.001689
930	0.054307	0.001023
931	0.056189	0.002576
932	0.055244	0.003211
933	0.056132	0.002089
934	0.052661	0.003351
935	0.057703	0.001421
936	0.056469	0.002566
937	0.055273	0.003445
938	0.055500	0.002210
939	0.055568	0.002963
940	0.054142	0.001457
941	0.059340	0.001736
942	0.056473	0.002683
943	0.054589	0.003973
944	0.059367	0.002190
945	0.055531	0.003168
946	0.057741	0.003530
947	0.056267	0.000599
948	0.057119	0.004091
949	0.055527	0.003096
950	0.052665	0.000940
951	0.054597	0.001209
952	0.057535	0.000510
953	0.058673	0.002928
954	0.052335	0.004345
955	0.055980	0.002817
956	0.056628	0.003287
957	0.055180	0.003524
958	0.055409	0.001801
959	0.059274	0.001495
960	0.055459	0.004006
961	0.056664	0.002505
962	0.056883	0.000278
963	0.057792	0.002454
964	0.056939	0.002074
965	0.054078	0.003101
966	0.055025	0.003048
967	0.056399	0.002717
968	0.056918	0.003887
969	0.056490	0.001298
970	0.056115	0.003708
971	0.056820	0.002118
972	0.053050	0.002416
973	0.056110	0.000882
974	0.055020	0.002091
975	0.055009	0.002361
976	0.057911	0.001135
977	0.057106	0.003249
978	0.056491	0.002903
979	0.055110	0.001888
980	0.055466	0.000256
981	0.056957	0.002406
982	0.055117	0.001186
983	0.056184	0.001190
984	0.053497	0.000536
985	0.053097	0.002043
986	0.054265	0.004338
987	0.058290	0.001377
988	0.057839	0.000664
989	0.055790	0.002083
990	0.056775	0.001425
991	0.054996	0.000744
992	0.055162	0.001133
993	0.053544	0.001397
994	0.056545	0.000707
995	0.054469	0.000089
996	0.051927	0.001911
997	0.054959	0.004268
998	0.053293	0.001115
999	0.054795	0.001618
1000	0.055422	0.002776
1001	0.054743	0.000471
1002	0.053982	0.001969
1003	0.054018	0.001972
1004	0.051680	0.001525
1005	0.056931	0.000016
1006	0.053984	0.002396
1007	0.054162	0.002411
1008	0.054578	0.000316
1009	0.052272	0.000982
1010	0.053216	0.001698
1011	0.053789	0.002529
1012	0.053132	0.001024
1013	0.054337	0.001911
1014	0.055264	0.000722
1015	0.051542	0.002707
1016	0.053894	0.002215
1017	0.051254	0.001280
1018	0.052998	0.000320
1019	0.055071	0.001425
1020	0.054822	0.001029
1021	0.051895	0.000730
1022	0.051452	0.001768
1023	0.052096	0.003902
1024	0.052328	0.002913
1025	0.054208	0.001214
1026	0.051528	0.001723
1027	0.052213	0.004415
1028	0.056348	0.002601
1029	0.054408	0.002320
1030	0.055460	0.001532
1031	0.053942	0.003714
1032	0.055052	0.003017
1033	0.054162	0.004208
1034	0.052956	0.001553
1035	0.052952	0.001744
1036	0.054823	0.000124
1037	0.052578	0.002891
1038	0.052618	0.002527
1039	0.054233	0.002742
1040	0.051392	0.001551
1041	0.053242	0.001641
1042	0.054439	0.002081
1043	0.050414	0.002243
1044	0.052742	0.001413
1045	0.052451	0.002801
1046	0.052082	0.001927
1047	0.054949	0.002504
1048	0.051456	0.001676
1049	0.053031	0.003596
1050	0.052781	0.000409
1051	0.053264	0.001439
1052	0.052443	0.001502
1053	0.053738	0.003813
1054	0.053953	0.001235
1055	0.054276	0.003025
1056	0.052484	0.001258
1057	0.050695	0.000680
1058	0.051480	0.000791
1059	0.053482	0.000567
1060	0.054818	0.001336
1061	0.052866	0.001377
1062	0.053973	0.002379
1063	0.055704	0.001670
1064	0.053662	0.001257
1065	0.054435	0.002208
1066	0.053888	0.002058
1067	0.054140	0.001839
1068	0.051511	0.002683
1069	0.051950	0.000383
1070	0.053868	0.001874
1071	0.052272	0.001282
1072	0.051959	0.002577
1073	0.051656	0.001135
1074	0.052142	0.000882
1075	0.050390	0.001983
1076	0.050173	0.002607
1077	0.054603	0.002824
1078	0.053171	0.001356
1079	0.050413	0.000990
1080	0.055874	0.000960
1081	0.052507	0.001540
1082	0.053240	0.002787
1083	0.052488	0.001120
1084	0.053946	0.000418
1085	0.051280	0.001897
1086	0.052962	0.002955
1087	0.054935	0.001164
1088	0.050379	0.002610
1089	0.053804	0.002927
1090	0.057575	0.000525
1091	0.054730	0.001984
1092	0.052138	0.002228
1093	0.054013	0.002761
1094	0.051295	0.000755
1095	0.051409	0.000978
1096	0.051316	0.002107
1097	0.054376	0.001362
1098	0.053480	0.002179
1099	0.051248	0.000715
1100	0.052084	0.002690
1101	0.052498	0.000064
1102	0.052822	0.000499
1103	0.053306	0.001392
1104	0.052759	0.002233
1105	0.054523	0.001464
1106	0.051443	0.002887
1107	0.053023	0.000950
1108	0.053304	0.001550
1109	0.053465	0.000783
1110	0.052207	0.002352
1111	0.053532	0.001711
1112	0.051848	0.001509
1113	0.051379	0.002652
1114	0.052979	0.000720
1115	0.052746	0.002725
1116	0.054521	0.001444
1117	0.050733	0.000923
1118	0.051567	0.000660
1119	0.052453	0.000048
1120	0.052279	0.003419
1121	0.053966	0.001587
1122	0.054385	0.002460
1123	0.051641	0.002637
1124	0.052746	0.003273
1125	0.052043	0.003235
1126	0.052013	0.002935
1127	0.053094	0.001227
1128	0.054146	0.000844
1129	0.051750	0.001879
1130	0.049210	0.001609
1131	0.054199	0.003653
1132	0.050778	0.003688
1133	0.050383	0.002656
1134	0.053597	0.002211
1135	0.054829	0.001692
1136	0.052907	0.000916
1137	0.050619	0.002210
1138	0.054249	0.002233
1139	0.052996	0.000454
1140	0.051527	0.000635
1141	0.048408	0.001236
1142	0.051926	0.000488
1143	0.051309	0.001603
1144	0.055037	0.001165
1145	0.052223	0.001966
1146	0.054544	0.001061
1147	0.050446	0.001149
1148	0.053261	0.002488
1149	0.053985	0.001942
1150	0.050067	0.001486
1151	0.053279	0.001451
1152	0.051264	0.001169
1153	0.051078	0.002865
1154	0.053533	0.000100
1155	0.048958	0.001640
1156	0.054177	0.001382
1157	0.049462	0.004032
1158	0.051928	0.001736
1159	0.051391	0.001628
1160	0.051452	0.003170
1161	0.049797	0.001800
1162	0.048981	0.003697
1163	0.053616	0.002730
1164	0.052436	0.001615
1165	0.052327	0.000501
1166	0.053155	0.002901
1167	0.055320	0.001039
1168	0.051719	0.000673
1169	0.049714	0.002485
1170	0.049167	0.001780
1171	0.051134	0.002330
1172	0.048971	0.001325
1173	0.050114	0.000589
1174	0.050268	0.003160
1175	0.050565	0.002685
1176	0.050749	0.002847
1177	0.050652	0.002343
1178	0.051559	0.000760
1179	0.052080	0.000143
1180	0.047955	0.004555
1181	0.051647	0.001553
1182	0.050437	0.001027
1183	0.052679	0.000321
1184	0.049768	0.001096
1185	0.047258	0.002594
1186	0.050880	0.001026
1187	0.051096	0.003379
1188	0.047838	0.000794
1189	0.050468	0.002501
1190	0.052588	0.000558
1191	0.050906	0.000471
1192	0.048022	0.003275
1193	0.050861	0.000838
1194	0.051618	0.001012
1195	0.051514	0.000967
1196	0.051234	0.003330
1197	0.052164	0.001397
1198	0.052617	0.002488
1199	0.046436	0.001999
1200	0.050716	0.003720
1201	0.049797	0.001850
1202	0.050874	0.002053
1203	0.051027	0.001990
1204	0.049441	0.002060
1205	0.050334	0.000237
1206	0.051720	0.002891
1207	0.051047	0.003823
1208	0.049021	0.000446
1209	0.048248	0.001197
1210	0.049712	0.003071
1211	0.050251	0.001104
1212	0.050440	0.002045
1213	0.053242	0.000224
1214	0.050260	0.001396
1215	0.050259	0.000750
1216	0.049768	0.002106
1217	0.049013	0.000484
1218	0.052472	0.000701
1219	0.050908	0.003019
1220	0.049193	0.002517
1221	0.049329	0.000612
1222	0.050049	0.001908
1223	0.047911	0.002087
1224	0.048959	0.003140
1225	0.048809	0.002055
1226	0.048752	0.002490
1227	0.047746	0.002097
1228	0.050393	0.002005
1229	0.051071	0.003245
1230	0.048856	0.001428
1231	0.048417	0.001365
1232	0.049077	0.001664
1233	0.051711	0.002957
1234	0.045667	0.002306
1235	0.050616	0.002094
1236	0.049196	0.002338
1237	0.050413	0.002184
1238	0.050285	0.003309
1239	0.051005	0.001772
1240	0.048663	0.002052
1241	0.051107	0.004008
1242	0.049593	0.001092
1243	0.050550	0.001297
1244	0.052182	0.002781
1245	0.051624	0.003464
1246	0.046234	0.002161
1247	0.048140	0.001348
1248	0.051762	0.002584
1249	0.049344	0.001995
1250	0.047919	0.002639
1251	0.045997	0.002625
1252	0.046832	0.000550
1253	0.048059	0.001266
1254	0.049116	0.002823
1255	0.052086	0.002890
1256	0.048906	0.002931
1257	0.048228	0.003484
1258	0.047268	0.001955
1259	0.049524	0.000972
1260	0.047277	0.002773
1261	0.048789	0.002591
1262	0.049223	0.002090
1263	0.048206	0.002792
1264	0.047483	0.001880
1265	0.050518	0.003611
1266	0.047297	0.003071
1267	0.050531	0.002089
1268	0.049502	0.002378
1269	0.049571	0.002713
1270	0.047857	0.001398
1271	0.046851	0.004359
1272	0.048704	0.003574
1273	0.049222	0.004407
1274	0.049405	0.004392
1275	0.050269	0.002770
1276	0.049473	0.001377
1277	0.046842	0.001795
1278	0.049034	0.002231
1279	0.048662	0.001761
1280	0.049170	0.001024
1281	0.046969	0.002635
1282	0.046372	0.003205
1283	0.048550	0.002362
1284	0.048421	0.003592
1285	0.047673	0.002684
1286	0.049050	0.002868
1287	0.049247	0.004044
1288	0.048239	0.002093
1289	0.048366	0.001875
1290	0.046114	0.001448
1291	0.047179	0.003376
1292	0.045146	0.002944
1293	0.048111	0.003994
1294	0.046147	0.001631
1295	0.046470	0.003928
1296	0.044789	0.002138
1297	0.047151	0.001628
1298	0.047866	0.002420
1299	0.046517	0.002599
1300	0.048147	0.002408
1301	0.049008	0.001216
1302	0.045188	0.002690
1303	0.046578	0.001666
1304	0.048033	0.002970
1305	0.046066	0.002297
1306	0.046660	0.001990
1307	0.045005	0.002980
1308	0.046902	0.003162
1309	0.048188	0.002659
1310	0.046750	0.001023
1311	0.047939	0.002321
1312	0.047566	0.002647
1313	0.047679	0.000508
1314	0.045871	0.002167
1315	0.044741	0.000216
1316	0.048059	0.001205
1317	0.048384	0.001876
1318	0.048004	0.002286
1319	0.047801	0.001476
1320	0.047749	0.001724
1321	0.045493	0.002216
1322	0.047626	0.002814
1323	0.046420	0.000373
1324	0.048049	0.001825
1325	0.046556	0.003098
1326	0.048374	0.004279
1327	0.046502	0.004142
1328	0.045446	0.001344
1329	0.047760	0.002236
1330	0.046240	0.003127
1331	0.047184	0.002250
1332	0.046160	0.000696
1333	0.046712	0.003554
1334	0.048297	0.000291
1335	0.050664	0.001134
1336	0.046564	0.003097
1337	0.047255	0.000317
1338	0.047981	0.004132
1339	0.048024	0.003170
1340	0.046202	0.002278
1341	0.047394	0.002962
1342	0.048691	0.002530
1343	0.048398	0.000302
1344	0.045794	0.001674
1345	0.047003	0.003305
1346	0.045439	0.002677
1347	0.046836	0.001951
1348	0.045763	0.003013
1349	0.045620	0.001074
1350	0.045424	0.003338
1351	0.047140	0.002716
1352	0.047666	0.000976
1353	0.048805	0.001524
1354	0.047528	0.001187
1355	0.049984	0.000359
1356	0.047232	0.002669
1357	0.046174	0.002558
1358	0.046943	0.001092
1359	0.048186	0.002221
1360	0.049403	0.001450
1361	0.047720	0.000039
1362	0.047473	0.001169
1363	0.043090	0.002622
1364	0.045429	0.002805
1365	0.046372	0.001217
1366	0.045250	0.002477
1367	0.047415	0.001079
1368	0.047232	0.001375
1369	0.047285	0.000989
1370	0.050393	0.001856
1371	0.050421	0.000584
1372	0.049554	0.001044
1373	0.045586	0.001737
1374	0.047535	0.002590
1375	0.045212	0.000979
1376	0.046920	0.001788
1377	0.049326	0.000308
1378	0.049345	0.000130
1379	0.046300	0.000337
1380	0.050561	0.001831
1381	0.049864	0.000324
1382	0.046520	0.000592
1383	0.048995	0.001162
1384	0.046768	0.000328
1385	0.047226	0.000015
1386	0.045276	0.000066
1387	0.045258	0.001454
1388	0.048304	0.002249
1389	0.047523	0.002268
1390	0.049165	0.000818
1391	0.047783	0.002357
1392	0.049585	0.000230
1393	0.045298	0.000859
1394	0.045363	0.000487
1395	0.045460	0.000845
1396	0.049695	0.002666
1397	0.046540	0.000415
1398	0.048123	0.000789
1399	0.047936	0.000547
1400	0.045871	0.002417
1401	0.048836	0.000492
1402	0.047048	0.000288
1403	0.046425	0.001196
1404	0.046990	0.000217
1405	0.045498	0.000356
1406	0.050307	0.000111
1407	0.047916	0.002192
1408	0.046746	0.001018
1409	0.048067	0.000218
1410	0.045836	0.000530
1411	0.045668	0.001377
1412	0.047519	0.000235
1413	0.047792	0.000443
1414	0.043525	0.001750
1415	0.047219	0.001609
1416	0.045312	0.001638
1417	0.047256	0.000490
1418	0.046395	0.000092
1419	0.046024	0.001303
1420	0.047418	0.003153
1421	0.043790	0.000468
1422	0.044584	0.000712
1423	0.044353	0.000245
1424	0.049534	0.001526
1425	0.044396	0.000807
1426	0.048730	0.002473
1427	0.047687	0.000544
1428	0.046430	0.000698
1429	0.044859	0.000749
1430	0.046444	0.001643
1431	0.043467	0.000878
1432	0.047999	0.000933
1433	0.042029	0.000938
1434	0.046528	0.000119
1435	0.045118	0.000985
1436	0.046736	0.000159
1437	0.047678	0.000739
1438	0.048542	0.001508
1439	0.045934	0.000595
1440	0.047148	0.000507
1441	0.046463	0.000177
1442	0.045099	0.000339
1443	0.045482	0.000729
1444	0.047931	0.000827
1445	0.044871	0.001995
1446	0.047282	0.000412
1447	0.049603	0.000283
1448	0.047569	0.000272
1449	0.045887	0.002039
1450	0.044948	0.000375
1451	0.046478	0.000297
1452	0.047065	0.000522
1453	0.047039	0.001254
1454	0.046651	0.000053
1455	0.045003	0.001101
1456	0.045837	0.000145
1457	0.047170	0.000347
1458	0.046511	0.000054
1459	0.047047	0.000843
1460	0.044561	0.001023
1461	0.050521	0.001553
1462	0.046203	0.000370
1463	0.046869	0.001045
1464	0.048799	0.000902
1465	0.044160	0.000805
1466	0.048108	0.000583
1467	0.044655	0.000734
1468	0.046534	0.000439
1469	0.045586	0.000430
1470	0.043566	0.000230
1471	0.047433	0.001002
1472	0.048712	0.002162
1473	0.046020	0.002596
1474	0.048070	0.000495
1475	0.045773	0.001197
1476	0.044551	0.001857
1477	0.046362	0.000572
1478	0.046772	0.000828
1479	0.043402	0.001536
1480	0.049090	0.000706
1481	0.048908	0.000056
1482	0.046512	0.000693
1483	0.044534	0.000079
1484	0.044430	0.000466
1485	0.046351	0.000351
1486	0.044297	0.000387
1487	0.043671	0.001178
1488	0.044127	0.000860
1489	0.045455	0.001091
1490	0.045464	0.000000
1491	0.045969	0.000841
1492	0.044466	0.000198
1493	0.045974	0.002243
1494	0.046084	0.001241
1495	0.046428	0.001129
1496	0.044808	0.000331
1497	0.043899	0.001095
1498	0.045010	0.001692
1499	0.044791	0.000361
1500	0.045539	0.000363
1501	0.047233	0.001067
1502	0.046090	0.000223
1503	0.051061	0.002153
1504	0.044646	0.000724
1505	0.048065	0.002033
1506	0.043035	0.000878
1507	0.047137	0.000488
1508	0.046740	0.002442
1509	0.049969	0.001933
1510	0.043643	0.000257
1511	0.049627	0.002710
1512	0.042836	0.001895
1513	0.042751	0.001109
1514	0.045792	0.001200
1515	0.045779	0.002185
1516	0.046194	0.002037
1517	0.047259	0.002392
1518	0.045892	0.002313
1519	0.046556	0.000550
1520	0.044983	0.000726
1521	0.044283	0.000763
1522	0.046937	0.000403
1523	0.043293	0.000057
1524	0.044040	0.000589
1525	0.044902	0.001122
1526	0.046021	0.001894
1527	0.044830	0.000403
1528	0.044082	0.001407
1529	0.047727	0.001503
1530	0.047681	0.000640
1531	0.048852	0.000208
1532	0.043421	0.002302
1533	0.046147	0.000933
1534	0.048376	0.000799
1535	0.043645	0.000056
1536	0.045304	0.000629
1537	0.047103	0.000609
1538	0.047227	0.001967
1539	0.046467	0.001431
1540	0.045490	0.000063
1541	0.044921	0.001318
1542	0.045771	0.000629
1543	0.049666	0.002043
1544	0.046417	0.002440
1545	0.048256	0.002051
1546	0.045817	0.001203
1547	0.046810	0.001565
1548	0.048886	0.002850
1549	0.043884	0.000009
1550	0.045894	0.002016
1551	0.048377	0.001574
1552	0.048380	0.001039
1553	0.048922	0.003149
1554	0.046150	0.000756
1555	0.048346	0.001272
1556	0.045879	0.001077
1557	0.045158	0.002427
1558	0.046568	0.000753
1559	0.051083	0.001476
1560	0.047403	0.001983
1561	0.049483	0.002851
1562	0.047530	0.003646
1563	0.046842	0.001627
1564	0.049129	0.002533
1565	0.048041	0.002117
1566	0.049660	0.001334
1567	0.050002	0.002591
1568	0.048656	0.002404
1569	0.046897	0.001513
1570	0.045868	0.003384
1571	0.047634	0.002277
1572	0.053005	0.002631
1573	0.049021	0.002963
1574	0.051067	0.001119
1575	0.050347	0.001888
1576	0.050285	0.000144
1577	0.048151	0.004461
1578	0.050260	0.000958
1579	0.050265	0.002277
1580	0.048790	0.004449
1581	0.048811	0.003312
1582	0.050360	0.003277
1583	0.047182	0.001520
1584	0.049317	0.003568
1585	0.049081	0.001855
1586	0.047275	0.003801
1587	0.047041	0.001956
1588	0.047628	0.004874
1589	0.050446	0.003115
1590	0.049613	0.002954
1591	0.050497	0.002712
1592	0.049174	0.004249
1593	0.049908	0.002672
1594	0.050963	0.004438
1595	0.048337	0.000514
1596	0.049609	0.002973
1597	0.046870	0.004336
1598	0.052873	0.004468
1599	0.047461	0.002499
1600	0.049591	0.004238
1601	0.050396	0.004194
1602	0.050479	0.003788
1603	0.047950	0.002902
1604	0.048963	0.002099
1605	0.047173	0.002349
1606	0.048487	0.004223
1607	0.048857	0.002639
1608	0.048843	0.002958
1609	0.050182	0.004759
1610	0.046666	0.002870
1611	0.051614	0.006609
1612	0.050593	0.002270
1613	0.048590	0.002699
1614	0.049613	0.003186
1615	0.049328	0.001761
1616	0.048038	0.000301
1617	0.052279	0.004311
1618	0.049087	0.004569
1619	0.047696	0.002420
1620	0.049325	0.004325
1621	0.052636	0.002729
1622	0.047881	0.003527
1623	0.052227	0.003937
1624	0.052578	0.003798
1625	0.049782	0.004942
1626	0.048255	0.004664
1627	0.048237	0.003688
1628	0.050801	0.003283
1629	0.051536	0.003897
1630	0.050549	0.004112
1631	0.050139	0.004172
1632	0.050818	0.003461
1633	0.047774	0.005027
1634	0.048927	0.003048
1635	0.051576	0.004755
1636	0.052510	0.005781
1637	0.051329	0.004659
1638	0.049844	0.002897
1639	0.050245	0.004652
1640	0.050865	0.005925
1641	0.049320	0.003524
1642	0.049669	0.003600
1643	0.050353	0.004430
1644	0.050624	0.002517
1645	0.049643	0.005253
1646	0.049749	0.003925
1647	0.049045	0.003546
1648	0.048355	0.003410
1649	0.049150	0.004374
1650	0.048659	0.005297
1651	0.049192	0.004191
1652	0.051659	0.006106
1653	0.047840	0.003639
1654	0.049124	0.002800
1655	0.049255	0.004235
1656	0.050875	0.003625
1657	0.048201	0.003846
1658	0.050697	0.005220
1659	0.046494	0.003925
1660	0.048706	0.004239
1661	0.052453	0.004799
1662	0.051977	0.004669
1663	0.050087	0.005367
1664	0.050830	0.004117
1665	0.049208	0.003823
1666	0.052032	0.006862
1667	0.049199	0.003773
1668	0.048877	0.003591
1669	0.048015	0.003871
1670	0.051147	0.004802
1671	0.051792	0.005954
1672	0.050866	0.005365
1673	0.048898	0.002738
1674	0.052100	0.006244
1675	0.052042	0.005045
1676	0.052254	0.005879
1677	0.051620	0.007019
1678	0.049850	0.003657
1679	0.048184	0.006576
1680	0.050856	0.004911
1681	0.048798	0.004263
1682	0.049828	0.006090
1683	0.050535	0.006264
1684	0.050453	0.003895
1685	0.053088	0.006398
1686	0.050355	0.006118
1687	0.052773	0.005309
1688	0.051631	0.005807
1689	0.049926	0.006151
1690	0.056262	0.004497
1691	0.052079	0.007339
1692	0.048981	0.005277
1693	0.055212	0.005019
1694	0.048115	0.005699
1695	0.050088	0.006242
1696	0.052254	0.006168
1697	0.051358	0.005434
1698	0.053572	0.005053
1699	0.051695	0.005460
1700	0.049723	0.005179
1701	0.047512	0.004291
1702	0.049342	0.005610
1703	0.053614	0.005779
1704	0.049048	0.004417
1705	0.050759	0.006054
1706	0.052344	0.007637
1707	0.051558	0.004861
1708	0.047612	0.005210
1709	0.051725	0.005915
1710	0.051067	0.004675
1711	0.052024	0.006625
1712	0.052216	0.007137
1713	0.051580	0.005755
1714	0.052966	0.005377
1715	0.054086	0.006803
1716	0.051006	0.004057
1717	0.047766	0.005421
1718	0.049929	0.005074
1719	0.051653	0.006039
1720	0.051350	0.004862
1721	0.049651	0.003950
1722	0.049915	0.005166
1723	0.053476	0.004427
1724	0.049191	0.004489
1725	0.050344	0.003796
1726	0.049836	0.003205
1727	0.053872	0.008126
1728	0.048372	0.004321
1729	0.050252	0.005001
1730	0.050568	0.005651
1731	0.050633	0.005114
1732	0.052603	0.005649
1733	0.049706	0.003631
1734	0.051025	0.006289
1735	0.051614	0.005009
1736	0.047870	0.006562
1737	0.053013	0.004932
1738	0.052576	0.005479
1739	0.051510	0.006215
1740	0.049441	0.005715
1741	0.050913	0.005179
1742	0.050218	0.004585
1743	0.051079	0.003387
1744	0.051709	0.005796
1745	0.050518	0.004258
1746	0.053646	0.006054
1747	0.049422	0.006032
1748	0.050942	0.007621
1749	0.050487	0.006871
1750	0.051862	0.006341
1751	0.051111	0.003307
1752	0.051214	0.007215
1753	0.052343	0.004274
1754	0.050133	0.005543
1755	0.054332	0.005553
1756	0.049637	0.005463
1757	0.052223	0.005749
1758	0.051891	0.004881
1759	0.052531	0.007032
1760	0.050475	0.006832
1761	0.050858	0.006989
1762	0.052062	0.006548
1763	0.053106	0.007292
1764	0.051876	0.007005
1765	0.053596	0.005904
1766	0.051575	0.007483
1767	0.054799	0.007931
1768	0.054419	0.006645
1769	0.051134	0.004739
1770	0.051264	0.004871
1771	0.051806	0.005716
1772	0.053614	0.006495
1773	0.051268	0.008101
1774	0.050648	0.005577
1775	0.051596	0.003059
1776	0.053497	0.006156
1777	0.052322	0.007468
1778	0.049346	0.006778
1779	0.049532	0.006633
1780	0.051117	0.006892
1781	0.053490	0.004082
1782	0.052443	0.007597
1783	0.055178	0.007386
1784	0.050661	0.006811
1785	0.052875	0.004660
1786	0.052892	0.006856
1787	0.053627	0.005263
1788	0.051520	0.005294
1789	0.053198	0.006792
1790	0.051010	0.005573
1791	0.050173	0.004735
1792	0.052538	0.004423
1793	0.050769	0.007186
1794	0.052038	0.005726
1795	0.052063	0.006191
1796	0.053297	0.006527
1797	0.051602	0.005639
1798	0.052851	0.006958
1799	0.052040	0.006158
1800	0.049567	0.005367
1801	0.053266	0.008156
1802	0.053139	0.005406
1803	0.054247	0.007207
1804	0.053054	0.005778
1805	0.050821	0.006715
1806	0.051816	0.007538
1807	0.052040	0.007775
1808	0.050019	0.005159
1809	0.050927	0.007826
1810	0.051499	0.006020
1811	0.050555	0.004933
1812	0.054169	0.008039
1813	0.054367	0.006625
1814	0.050333	0.004075
1815	0.053643	0.005211
1816	0.054512	0.005612
1817	0.054251	0.007247
1818	0.050830	0.006472
1819	0.053274	0.005661
1820	0.051947	0.006923
1821	0.050770	0.005617
1822	0.052370	0.006503
1823	0.055056	0.006756
1824	0.051594	0.005571
1825	0.050006	0.004105
1826	0.052821	0.004396
1827	0.052403	0.007004
1828	0.052166	0.006807
1829	0.051123	0.007676
1830	0.052711	0.005954
1831	0.053001	0.005313
1832	0.052123	0.007270
1833	0.052847	0.006291
1834	0.051293	0.004669
1835	0.051695	0.009024
1836	0.055980	0.006172
1837	0.050432	0.007679
1838	0.049206	0.007293
1839	0.049836	0.005792
1840	0.051726	0.006031
1841	0.049745	0.005430
1842	0.050982	0.007712
1843	0.054063	0.005466
1844	0.052566	0.004627
1845	0.050458	0.007414
1846	0.052060	0.005136
1847	0.050539	0.007331
1848	0.051755	0.005390
1849	0.050784	0.007339
1850	0.051527	0.003974
1851	0.049731	0.006375
1852	0.051798	0.004495
1853	0.050234	0.005288
1854	0.050823	0.006722
1855	0.052037	0.003957
1856	0.050482	0.006464
1857	0.051297	0.007028
1858	0.050136	0.003651
1859	0.053516	0.007618
1860	0.050416	0.007473
1861	0.051762	0.007271
1862	0.049615	0.006956
1863	0.047238	0.006487
1864	0.049396	0.006883
1865	0.052205	0.007033
1866	0.049599	0.008019
1867	0.047990	0.005759
1868	0.048822	0.006760
1869	0.050940	0.005800
1870	0.052687	0.008302
1871	0.050032	0.005239
1872	0.047886	0.005324
1873	0.050609	0.005205
1874	0.049948	0.008117
1875	0.056527	0.007166
1876	0.051649	0.006148
1877	0.049867	0.006535
1878	0.050615	0.007126
1879	0.051177	0.006503
1880	0.050421	0.005701
1881	0.051014	0.006143
1882	0.048868	0.004544
1883	0.051547	0.007462
1884	0.051250	0.005365
1885	0.051268	0.007665
1886	0.051745	0.005435
1887	0.048450	0.004492
1888	0.047990	0.005612
1889	0.049442	0.006730
1890	0.052995	0.007440
1891	0.048053	0.005869
1892	0.047585	0.007144
1893	0.048293	0.006951
1894	0.051602	0.007357
1895	0.047135	0.006639
1896	0.049916	0.005736
1897	0.045196	0.005827
1898	0.050699	0.006285
1899	0.050894	0.008045
1900	0.051224	0.006168
1901	0.047808	0.006779
1902	0.052302	0.008034
1903	0.049588	0.008543
1904	0.049872	0.006380
1905	0.047909	0.007133
1906	0.047281	0.006950
1907	0.046260	0.005476
1908	0.049569	0.005188
1909	0.050158	0.007354
1910	0.046543	0.005518
1911	0.050324	0.006916
1912	0.049976	0.006711
1913	0.046841	0.003799
1914	0.051517	0.007235
1915	0.047450	0.006361
1916	0.050664	0.005158
1917	0.048514	0.007377
1918	0.051745	0.006082
1919	0.046146	0.006104
1920	0.048955	0.007076
1921	0.050179	0.006753
1922	0.049065	0.007446
1923	0.048340	0.006157
1924	0.051619	0.007620
1925	0.048709	0.006886
1926	0.052372	0.006625
1927	0.047769	0.005811
1928	0.049675	0.006142
1929	0.047782	0.006745
1930	0.049219	0.006372
1931	0.051353	0.005128
1932	0.050898	0.006688
1933	0.051890	0.007683
1934	0.048846	0.006728
1935	0.047202	0.005978
1936	0.051401	0.006261
1937	0.049928	0.006633
1938	0.049058	0.007746
1939	0.050371	0.007288
1940	0.048438	0.006940
1941	0.047674	0.005292
1942	0.050592	0.006448
1943	0.050422	0.009411
1944	0.049511	0.006294
1945	0.048113	0.007927
1946	0.047984	0.004917
1947	0.050748	0.004803
1948	0.047250	0.005383
1949	0.051766	0.008071
1950	0.050799	0.005838
1951	0.052150	0.005443
1952	0.050357	0.007621
1953	0.050249	0.007294
1954	0.051176	0.006893
1955	0.050340	0.006769
1956	0.049742	0.007268
1957	0.048097	0.006994
1958	0.051096	0.007696
1959	0.047833	0.006092
1960	0.047701	0.006366
1961	0.047930	0.006545
1962	0.049686	0.007144
1963	0.051500	0.006379
1964	0.050318	0.006667
1965	0.052102	0.007487
1966	0.047611	0.005543
1967	0.047870	0.008889
1968	0.047257	0.004247
1969	0.050255	0.004745
1970	0.050743	0.007691
1971	0.049685	0.006125
1972	0.047635	0.006120
1973	0.048048	0.005744
1974	0.046875	0.007319
1975	0.049366	0.006504
1976	0.050215	0.007153
1977	0.051578	0.007909
1978	0.046737	0.005333
1979	0.048320	0.006043
1980	0.045321	0.006914
1981	0.046981	0.004930
1982	0.049688	0.007754
1983	0.049362	0.006114
1984	0.047654	0.006804
1985	0.050908	0.009473
1986	0.045332	0.008024
1987	0.048104	0.005925
1988	0.050880	0.009376
1989	0.047685	0.008555
1990	0.049255	0.008091
1991	0.050944	0.007513
1992	0.050221	0.006565
1993	0.050737	0.006781
1994	0.051049	0.007708
1995	0.050445	0.007455
1996	0.053226	0.007942
1997	0.049316	0.007887
1998	0.050086	0.008097
1999	0.051243	0.008691
2000	0.051166	0.007697
2001	0.046968	0.006209
2002	0.046293	0.007733
2003	0.050436	0.008539
2004	0.050142	0.008020
2005	0.048862	0.005903
2006	0.047869	0.008658
2007	0.051065	0.009944
2008	0.048028	0.004949
2009	0.051196	0.007707
2010	0.048939	0.008221
2011	0.048590	0.008305
2012	0.049409	0.006173
2013	0.046413	0.006069
2014	0.051063	0.003643
2015	0.056021	0.008639
2016	0.049302	0.007243
2017	0.051054	0.006586
2018	0.048987	0.006349
2019	0.052507	0.006199
2020	0.048734	0.005557
2021	0.048206	0.006911
2022	0.051516	0.009876
2023	0.049252	0.008508
2024	0.051378	0.009613
2025	0.048010	0.006286
2026	0.048348	0.006282
2027	0.049184	0.008203
2028	0.046270	0.007084
2029	0.051024	0.008594
2030	0.049417	0.007850
2031	0.052052	0.009100
2032	0.048129	0.008030
2033	0.046793	0.006720
2034	0.052889	0.008515
2035	0.050261	0.006570
2036	0.051452	0.006915
2037	0.051147	0.008136
2038	0.052597	0.007203
2039	0.049852	0.007650
2040	0.053495	0.007178
2041	0.051434	0.008350
2042	0.050217	0.009396
2043	0.050062	0.007746
2044	0.049014	0.007064
2045	0.050793	0.006325
2046	0.051491	0.006857
2047	0.049620	0.006986
2048	0.046882	0.006941
2049	0.051834	0.008621
2050	0.049891	0.007617
2051	0.049804	0.007654
2052	0.051062	0.008197
2053	0.047506	0.007438
2054	0.050174	0.004305
2055	0.047774	0.007612
2056	0.048416	0.007202
2057	0.053445	0.009719
2058	0.052357	0.005659
2059	0.051400	0.006483
2060	0.053329	0.005105
2061	0.049376	0.007145
2062	0.053495	0.008449
2063	0.051824	0.007979
2064	0.051997	0.005756
2065	0.052508	0.007130
2066	0.050316	0.008589
2067	0.048941	0.006490
2068	0.047628	0.005933
2069	0.048028	0.006016
2070	0.048282	0.006644
2071	0.051423	0.008219
2072	0.050592	0.006400
2073	0.049938	0.008401
2074	0.049872	0.008435
2075	0.050474	0.006926
2076	0.049591	0.008346
2077	0.049875	0.008553
2078	0.049831	0.008625
2079	0.050245	0.009173
2080	0.052500	0.009419
2081	0.050731	0.007729
2082	0.051169	0.008197
2083	0.051075	0.006349
2084	0.048951	0.006537
2085	0.050476	0.008335
2086	0.050276	0.006199
2087	0.048752	0.010117
2088	0.051734	0.007644
2089	0.050283	0.008950
2090	0.050814	0.008550
2091	0.047550	0.009066
2092	0.047436	0.008341
2093	0.048891	0.007641
2094	0.050007	0.008141
2095	0.050087	0.007422
2096	0.050120	0.009666
2097	0.051778	0.007520
2098	0.049109	0.008866
2099	0.048765	0.008599
2100	0.048332	0.007023
2101	0.050585	0.010130
2102	0.052086	0.008857
2103	0.047207	0.010063
2104	0.047351	0.007057
2105	0.051769	0.010146
2106	0.048352	0.006278
2107	0.050833	0.008708
2108	0.050091	0.007911
2109	0.046734	0.007367
2110	0.052132	0.007392
2111	0.049307	0.006577
2112	0.053145	0.008373
2113	0.051615	0.007340
2114	0.047125	0.007705
2115	0.049954	0.006707
2116	0.049448	0.009174
2117	0.049519	0.007816
2118	0.051081	0.007959
2119	0.048944	0.008985
2120	0.049515	0.005671
2121	0.049751	0.009752
2122	0.050297	0.006903
2123	0.050894	0.009382
2124	0.048697	0.007352
2125	0.049339	0.007366
2126	0.049234	0.005758
2127	0.050043	0.007961
2128	0.052912	0.006637
2129	0.053101	0.009276
2130	0.050158	0.006602
2131	0.049677	0.007553
2132	0.048679	0.007301
2133	0.048059	0.007452
2134	0.051747	0.006703
2135	0.049802	0.006482
2136	0.051824	0.008371
2137	0.049274	0.006449
2138	0.050299	0.007376
2139	0.049462	0.009134
2140	0.048027	0.007537
2141	0.047285	0.005940
2142	0.047498	0.007380
2143	0.049982	0.006957
2144	0.050774	0.006809
2145	0.051599	0.007693
2146	0.049461	0.008601
2147	0.053469	0.008023
2148	0.049937	0.006988
2149	0.051073	0.008434
2150	0.052473	0.008828
2151	0.048534	0.008416
2152	0.051077	0.008423
2153	0.051449	0.007058
2154	0.050110	0.008919
2155	0.050348	0.009674
2156	0.049363	0.007429
2157	0.049988	0.009790
2158	0.053897	0.009795
2159	0.051121	0.008733
2160	0.049914	0.009597
2161	0.051142	0.007805
2162	0.053336	0.008518
2163	0.049303	0.007506
2164	0.050018	0.008566
2165	0.050705	0.008025
2166	0.050154	0.006898
2167	0.051151	0.008714
2168	0.051893	0.007887
2169	0.052774	0.010254
2170	0.048115	0.006058
2171	0.050441	0.007146
2172	0.049483	0.007093
2173	0.048975	0.009188
2174	0.050896	0.008399
2175	0.052409	0.007723
2176	0.050206	0.007798
2177	0.052334	0.009783
2178	0.053487	0.007584
2179	0.051807	0.009702
2180	0.051189	0.007060
2181	0.050423	0.008809
2182	0.052799	0.008362
2183	0.051479	0.008750
2184	0.050874	0.008518
2185	0.052193	0.007729
2186	0.053687	0.008467
2187	0.052583	0.006352
2188	0.051728	0.010170
2189	0.050637	0.006189
2190	0.051475	0.010515
2191	0.052614	0.009081
2192	0.053087	0.006597
2193	0.051734	0.010356
2194	0.049329	0.008029
2195	0.050968	0.008799
2196	0.052414	0.008484
2197	0.050920	0.006239
2198	0.050759	0.009659
2199	0.050546	0.008977
2200	0.049094	0.008190
2201	0.049713	0.007928
2202	0.048404	0.008473
2203	0.050471	0.010235
2204	0.051309	0.007442
2205	0.051786	0.011888
2206	0.050656	0.005845
2207	0.050808	0.009422
2208	0.050160	0.010163
2209	0.049408	0.007680
2210	0.049419	0.009715
2211	0.051757	0.010302
2212	0.052208	0.009404
2213	0.050160	0.009417
2214	0.052710	0.009752
2215	0.050061	0.008745
2216	0.051185	0.009067
2217	0.051835	0.009919
2218	0.048579	0.009396
2219	0.050223	0.008275
2220	0.049985	0.009715
2221	0.049886	0.009569
2222	0.052205	0.010139
2223	0.050436	0.008465
2224	0.049797	0.009016
2225	0.049835	0.011349
2226	0.050918	0.009128
2227	0.048945	0.009800
2228	0.051814	0.010919
2229	0.048281	0.008910
2230	0.051188	0.010848
2231	0.048515	0.010195
2232	0.051091	0.010436
2233	0.051511	0.009617
2234	0.047486	0.009494
2235	0.048962	0.011193
2236	0.049371	0.011101
2237	0.053346	0.010490
2238	0.047912	0.009389
2239	0.051621	0.010027
2240	0.050048	0.010742
2241	0.050298	0.008950
2242	0.051128	0.009570
2243	0.049348	0.010030
2244	0.054061	0.009895
2245	0.049730	0.010124
2246	0.053707	0.008582
2247	0.051542	0.009624
2248	0.049892	0.010516
2249	0.051841	0.009140
2250	0.050018	0.009232
2251	0.047294	0.010581
2252	0.053030	0.010828
2253	0.047681	0.008579
2254	0.051832	0.011494
2255	0.051208	0.011104
2256	0.052309	0.011151
2257	0.051256	0.010517
2258	0.050318	0.008839
2259	0.051650	0.010991
2260	0.052722	0.010972
2261	0.052196	0.010984
2262	0.051538	0.009819
2263	0.051750	0.009360
2264	0.053079	0.012170
2265	0.055375	0.011701
2266	0.051134	0.010439
2267	0.048949	0.009793
2268	0.051393	0.011195
2269	0.048854	0.010411
2270	0.051106	0.009111
2271	0.050848	0.008534
2272	0.051671	0.010716
2273	0.053197	0.012110
2274	0.051591	0.011006
2275	0.051652	0.008805
2276	0.049218	0.011417
2277	0.051481	0.011400
2278	0.051963	0.011883
2279	0.051828	0.008970
2280	0.052074	0.010947
2281	0.049076	0.010846
2282	0.051785	0.012344
2283	0.050381	0.009972
2284	0.052757	0.011898
2285	0.050456	0.011189
2286	0.049427	0.010052
2287	0.051115	0.010881
2288	0.050276	0.010311
2289	0.051318	0.010675
2290	0.049113	0.009569
2291	0.056286	0.010965
2292	0.052201	0.010100
2293	0.049259	0.010539
2294	0.050919	0.007962
2295	0.050148	0.009036
2296	0.051799	0.008277
2297	0.053187	0.008793
2298	0.053158	0.010337
2299	0.051599	0.010372
2300	0.052037	0.009694
2301	0.054652	0.011042
2302	0.050634	0.007896
2303	0.052025	0.009142
2304	0.050578	0.008929
2305	0.051831	0.010184
2306	0.052099	0.010558
2307	0.051194	0.011141
2308	0.053433	0.008747
2309	0.050358	0.010216
2310	0.051499	0.011521
2311	0.051891	0.009336
2312	0.053471	0.010697
2313	0.054546	0.011629
2314	0.053395	0.010242
2315	0.050555	0.010235
2316	0.055370	0.009636
2317	0.051343	0.009512
2318	0.052777	0.011933
2319	0.052075	0.008468
2320	0.051079	0.008074
2321	0.050119	0.012198
2322	0.055146	0.011073
2323	0.054176	0.008586
2324	0.051678	0.009113
2325	0.052592	0.009650
2326	0.051174	0.012784
2327	0.054923	0.012950
2328	0.056284	0.012831
2329	0.051600	0.011048
2330	0.051337	0.012078
2331	0.053143	0.011250
2332	0.054913	0.011897
2333	0.056011	0.011481
2334	0.053541	0.012979
2335	0.055038	0.010321
2336	0.054438	0.011713
2337	0.055054	0.013289
2338	0.053725	0.013290
2339	0.054086	0.011181
2340	0.053660	0.010582
2341	0.056562	0.009918
2342	0.051523	0.011846
2343	0.054819	0.010493
2344	0.049105	0.010232
2345	0.052673	0.010846
2346	0.053846	0.010974
2347	0.052077	0.012075
2348	0.055192	0.010475
2349	0.055882	0.012765
2350	0.052743	0.011306
2351	0.054715	0.010689
2352	0.052421	0.009852
2353	0.053490	0.009388
2354	0.057520	0.012309
2355	0.056273	0.012349
2356	0.054222	0.010201
2357	0.052725	0.012417
2358	0.052429	0.010901
2359	0.051370	0.010695
2360	0.058205	0.012438
2361	0.055055	0.010678
2362	0.052811	0.009968
2363	0.050466	0.010891
2364	0.056116	0.012311
2365	0.053984	0.007709
2366	0.056582	0.011988
2367	0.055174	0.012192
2368	0.054502	0.009658
2369	0.055850	0.011893
2370	0.053371	0.010248
2371	0.056911	0.014111
2372	0.055527	0.010319
2373	0.055859	0.013642
2374	0.055857	0.013076
2375	0.054943	0.011642
2376	0.055417	0.012259
2377	0.052114	0.010458
2378	0.057513	0.012849
2379	0.057360	0.010514
2380	0.055743	0.011740
2381	0.059071	0.012107
2382	0.054174	0.013017
2383	0.055418	0.012625
2384	0.053921	0.011002
2385	0.054013	0.011080
2386	0.052415	0.012533
2387	0.055280	0.010902
2388	0.055703	0.011084
2389	0.054451	0.011711
2390	0.053218	0.008810
2391	0.051367	0.010141
2392	0.055971	0.010795
2393	0.054866	0.010092
2394	0.053374	0.011628
2395	0.053497	0.010735
2396	0.053948	0.011100
2397	0.055380	0.011532
2398	0.058664	0.012989
2399	0.051987	0.009256
2400	0.055471	0.013221
2401	0.054090	0.013640
2402	0.052686	0.010392
2403	0.051744	0.011323
2404	0.055594	0.012657
2405	0.054198	0.010156
2406	0.052575	0.011503
2407	0.053970	0.014316
2408	0.055575	0.011166
2409	0.053231	0.011432
2410	0.052551	0.011020
2411	0.053987	0.009896
2412	0.056346	0.010661
2413	0.052977	0.010636
2414	0.053822	0.009429
2415	0.055756	0.010512
2416	0.052775	0.012226
2417	0.052268	0.010575
2418	0.053839	0.009657
2419	0.053298	0.012211
2420	0.053999	0.011716
2421	0.052997	0.009414
2422	0.052414	0.010290
2423	0.053284	0.012096
2424	0.054629	0.011279
2425	0.056021	0.013850
2426	0.056250	0.009260
2427	0.055952	0.008670
2428	0.053823	0.011028
2429	0.055665	0.010308
2430	0.056974	0.010428
2431	0.058067	0.015422
2432	0.057783	0.011711
2433	0.052546	0.011982
2434	0.058097	0.011988
2435	0.054535	0.010972
2436	0.053445	0.010055
2437	0.055065	0.012271
2438	0.056519	0.011197
2439	0.054079	0.011618
2440	0.054459	0.008659
2441	0.056806	0.008328
2442	0.054839	0.012248
2443	0.056089	0.013128
2444	0.054651	0.009246
2445	0.054700	0.009541
2446	0.056441	0.010255
2447	0.054676	0.013424
2448	0.056719	0.011496
2449	0.055012	0.012185
2450	0.053198	0.010956
2451	0.055123	0.012753
2452	0.058049	0.012789
2453	0.056843	0.012478
2454	0.056601	0.011671
2455	0.052677	0.010665
2456	0.058332	0.012353
2457	0.055304	0.011486
2458	0.056472	0.012996
2459	0.060249	0.013756
2460	0.055743	0.011919
2461	0.056208	0.012507
2462	0.057529	0.012129
2463	0.055692	0.012485
2464	0.059305	0.013723
2465	0.056351	0.010054
2466	0.059278	0.012500
2467	0.057454	0.011651
2468	0.057330	0.014853
2469	0.057643	0.013669
2470	0.057876	0.012827
2471	0.056304	0.011204
2472	0.055998	0.012178
2473	0.055757	0.012800
2474	0.058656	0.011693
2475	0.056600	0.014389
2476	0.056517	0.013407
2477	0.056120	0.014498
2478	0.056003	0.011966
2479	0.056895	0.010725
2480	0.055873	0.013743
2481	0.054215	0.012351
2482	0.057302	0.013791
2483	0.055637	0.010907
2484	0.056545	0.012408
2485	0.054659	0.011629
2486	0.057575	0.012269
2487	0.059879	0.013850
2488	0.055980	0.012495
2489	0.058089	0.012094
2490	0.053661	0.010601
2491	0.056926	0.012078
2492	0.056678	0.012709
2493	0.056912	0.013274
2494	0.056881	0.010886
2495	0.054845	0.011512
2496	0.055623	0.013563
2497	0.056620	0.013664
2498	0.056665	0.013249
2499	0.055546	0.010808
2500	0.055291	0.011642
2501	0.057912	0.014690
2502	0.058029	0.011419
2503	0.057499	0.011482
2504	0.056094	0.011591
2505	0.054941	0.013473
2506	0.059184	0.009554
2507	0.058250	0.013770
2508	0.058162	0.011426
2509	0.054947	0.012288
2510	0.056211	0.011410
2511	0.056513	0.011783
2512	0.056287	0.011746
2513	0.058168	0.010936
2514	0.055353	0.011433
2515	0.055570	0.012583
2516	0.057462	0.011195
2517	0.058022	0.013973
2518	0.054025	0.011281
2519	0.057528	0.013454
2520	0.059801	0.015979
2521	0.055633	0.011332
2522	0.053208	0.013242
2523	0.059130	0.009652
2524	0.060355	0.011600
2525	0.056364	0.010091
2526	0.058109	0.011949
2527	0.058321	0.011523
2528	0.056702	0.012948
2529	0.059756	0.014288
2530	0.057438	0.010881
2531	0.058307	0.010827
2532	0.057859	0.012690
2533	0.058073	0.011114
2534	0.056013	0.012183
2535	0.055253	0.013160
2536	0.057625	0.011810
2537	0.055201	0.013336
2538	0.054071	0.012869
2539	0.059113	0.013910
2540	0.056647	0.012695
2541	0.058265	0.013403
2542	0.057980	0.010935
2543	0.056583	0.013431
2544	0.057376	0.014440
2545	0.059452	0.014446
2546	0.060895	0.012998
2547	0.058130	0.013588
2548	0.055145	0.012695
2549	0.055627	0.012669
2550	0.058186	0.014066
2551	0.058039	0.010468
2552	0.058543	0.012911
2553	0.057359	0.015255
2554	0.058462	0.014767
2555	0.056681	0.013679
2556	0.058829	0.014469
2557	0.055254	0.011282
2558	0.056987	0.013225
2559	0.054411	0.012667
2560	0.057532	0.014391
2561	0.059699	0.014856
2562	0.057638	0.011367
2563	0.056603	0.014282
2564	0.059192	0.012955
2565	0.060946	0.015282
2566	0.059260	0.015712
2567	0.060303	0.012540
2568	0.057043	0.014433
2569	0.058349	0.014297
2570	0.056224	0.010151
2571	0.058391	0.014872
2572	0.060425	0.013270
2573	0.055873	0.013668
2574	0.055501	0.014010
2575	0.054833	0.013333
2576	0.058449	0.012000
2577	0.060580	0.016295
2578	0.057872	0.014827
2579	0.060786	0.015208
2580	0.055811	0.012121
2581	0.056492	0.012144
2582	0.060653	0.015089
2583	0.059220	0.012918
2584	0.056723	0.015153
2585	0.056881	0.013789
2586	0.057911	0.013736
2587	0.057463	0.012575
2588	0.056894	0.011329
2589	0.056939	0.013141
2590	0.058533	0.012043
2591	0.057583	0.013172
2592	0.058298	0.014817
2593	0.059241	0.011015
2594	0.058234	0.013214
2595	0.058260	0.013951
2596	0.055033	0.011686
2597	0.055718	0.013869
2598	0.057690	0.013024
2599	0.059927	0.012678
2600	0.058298	0.014495
2601	0.057081	0.010222
2602	0.058224	0.014161
2603	0.057644	0.013316
2604	0.058156	0.013048
2605	0.058335	0.013328
2606	0.054888	0.013818
2607	0.056017	0.010962
2608	0.058741	0.014827
2609	0.056537	0.011574
2610	0.054612	0.011262
2611	0.059973	0.014326
2612	0.058968	0.011885
2613	0.054741	0.012525
2614	0.056192	0.013235
2615	0.055921	0.012751
2616	0.056993	0.012636
2617	0.058921	0.011473
2618	0.057939	0.012374
2619	0.058662	0.014271
2620	0.056446	0.011278
2621	0.057904	0.011329
2622	0.057295	0.013654
2623	0.057733	0.013826
2624	0.054906	0.012530
2625	0.060456	0.015362
2626	0.059197	0.013752
2627	0.058781	0.014107
2628	0.056862	0.012543
2629	0.057842	0.013503
2630	0.055964	0.014129
2631	0.056618	0.012758
2632	0.058997	0.013420
2633	0.062596	0.015548
2634	0.056275	0.012686
2635	0.058830	0.013328
2636	0.056169	0.012992
2637	0.056178	0.012367
2638	0.058687	0.012077
2639	0.059522	0.016380
2640	0.057736	0.009733
2641	0.060466	0.012641
2642	0.060033	0.010862
2643	0.057350	0.012516
2644	0.061201	0.013604
2645	0.059050	0.014630
2646	0.060492	0.015148
2647	0.062154	0.012116
2648	0.058209	0.013392
2649	0.060335	0.014942
2650	0.058010	0.012947
2651	0.059966	0.013265
2652	0.059028	0.015611
2653	0.058865	0.015625
2654	0.055326	0.014077
2655	0.060600	0.014034
2656	0.056153	0.010950
2657	0.059162	0.012963
2658	0.061336	0.013147
2659	0.058535	0.014352
2660	0.059090	0.016203
2661	0.061932	0.013134
2662	0.060327	0.013620
2663	0.059631	0.013491
2664	0.059967	0.013268
2665	0.062001	0.016421
2666	0.058821	0.012853
2667	0.058627	0.013454
2668	0.062746	0.012871
2669	0.059963	0.014947
2670	0.059932	0.014439
2671	0.058535	0.013895
2672	0.056874	0.010811
2673	0.057914	0.011520
2674	0.060507	0.013609
2675	0.061263	0.013829
2676	0.060661	0.013724
2677	0.061494	0.012744
2678	0.059880	0.013829
2679	0.059098	0.012733
2680	0.062525	0.012988
2681	0.062554	0.013213
2682	0.063546	0.012583
2683	0.064071	0.014179
2684	0.059714	0.012732
2685	0.065468	0.013379
2686	0.062864	0.015144
2687	0.060861	0.011646
2688	0.061718	0.014385
2689	0.062314	0.015441
2690	0.061252	0.014088
2691	0.063323	0.015868
2692	0.061678	0.014997
2693	0.060572	0.013279
2694	0.061989	0.010992
2695	0.060310	0.014005
2696	0.059569	0.013281
2697	0.059859	0.015353
2698	0.058205	0.014569
2699	0.060840	0.013571
2700	0.061536	0.014686
2701	0.060545	0.013332
2702	0.059531	0.014274
2703	0.057981	0.013130
2704	0.059863	0.012861
2705	0.059064	0.014301
2706	0.062771	0.014696
2707	0.058110	0.012968
2708	0.060443	0.011083
2709	0.062206	0.014908
2710	0.058952	0.012178
2711	0.062151	0.013343
2712	0.058100	0.013500
2713	0.059629	0.014399
2714	0.060839	0.016255
2715	0.059072	0.012759
2716	0.061513	0.012152
2717	0.059205	0.012081
2718	0.061304	0.012627
2719	0.060265	0.013532
2720	0.060450	0.015492
2721	0.059803	0.013601
2722	0.061005	0.014579
2723	0.061399	0.013048
2724	0.058115	0.012706
2725	0.060905	0.013443
2726	0.057210	0.014582
2727	0.064402	0.013471
2728	0.061464	0.012940
2729	0.060814	0.014852
2730	0.062664	0.014571
2731	0.063009	0.014445
2732	0.057980	0.013795
2733	0.058770	0.013257
2734	0.061509	0.015075
2735	0.059437	0.015105
2736	0.060581	0.014387
2737	0.061019	0.012902
2738	0.062817	0.012488
2739	0.059926	0.013974
2740	0.062457	0.015934
2741	0.064367	0.014541
2742	0.063069	0.012635
2743	0.059447	0.013523
2744	0.061681	0.013764
2745	0.061552	0.013640
2746	0.062257	0.014032
2747	0.060459	0.013834
2748	0.061610	0.013651
2749	0.061697	0.011493
2750	0.059227	0.013741
2751	0.061220	0.013292
2752	0.060944	0.014113
2753	0.060839	0.014886
2754	0.060727	0.014065
2755	0.055384	0.013659
2756	0.058994	0.011622
2757	0.061006	0.014411
2758	0.060159	0.015347
2759	0.057840	0.012312
2760	0.060628	0.010952
2761	0.058786	0.013490
2762	0.060660	0.013332
2763	0.057927	0.013268
2764	0.057656	0.014149
2765	0.060725	0.014222
2766	0.060000	0.014225
2767	0.063083	0.013038
2768	0.063652	0.013975
2769	0.060500	0.014958
2770	0.059859	0.013832
2771	0.058619	0.015227
2772	0.060604	0.011471
2773	0.059250	0.013550
2774	0.062436	0.014921
2775	0.059662	0.014853
2776	0.060495	0.012269
2777	0.061147	0.010587
2778	0.057617	0.012193
2779	0.060349	0.012589
2780	0.061250	0.014444
2781	0.058372	0.013354
2782	0.060674	0.015306
2783	0.058885	0.014156
2784	0.060155	0.013681
2785	0.060390	0.014263
2786	0.059101	0.012634
2787	0.058722	0.014618
2788	0.062323	0.013371
2789	0.060252	0.013966
2790	0.061963	0.013220
2791	0.058642	0.012531
2792	0.060113	0.013556
2793	0.060969	0.010825
2794	0.059017	0.011628
2795	0.061079	0.014532
2796	0.057842	0.012545
2797	0.060186	0.013798
2798	0.056926	0.011840
2799	0.060785	0.013651
2800	0.061686	0.014384
2801	0.062686	0.015598
2802	0.061151	0.015584
2803	0.061599	0.011223
2804	0.060420	0.012301
2805	0.057854	0.014735
2806	0.061470	0.015093
2807	0.058874	0.015026
2808	0.060776	0.013694
2809	0.063602	0.012903
2810	0.059692	0.015037
2811	0.062215	0.014835
2812	0.060449	0.013946
2813	0.064126	0.012997
2814	0.062643	0.014905
2815	0.061729	0.011968
2816	0.059629	0.012509
2817	0.061815	0.012049
2818	0.060607	0.010994
2819	0.064339	0.015489
2820	0.059607	0.015638
2821	0.061074	0.011520
2822	0.057131	0.009591
2823	0.064073	0.012395
2824	0.061542	0.013526
2825	0.059996	0.013013
2826	0.062402	0.014528
2827	0.060959	0.013401
2828	0.062545	0.014469
2829	0.057129	0.011966
2830	0.063176	0.013568
2831	0.061728	0.014165
2832	0.059169	0.012980
2833	0.060574	0.013717
2834	0.062262	0.015834
2835	0.059842	0.012784
2836	0.062389	0.013588
2837	0.064583	0.013394
2838	0.062535	0.012331
2839	0.063183	0.011593
2840	0.060217	0.011990
2841	0.062679	0.013631
2842	0.065010	0.014681
2843	0.061491	0.012571
2844	0.062633	0.014439
2845	0.061821	0.013517
2846	0.067468	0.014976
2847	0.062102	0.010922
2848	0.063302	0.013477
2849	0.063312	0.013017
2850	0.062696	0.011747
2851	0.063608	0.013489
2852	0.062671	0.015166
2853	0.063740	0.016063
2854	0.063443	0.013588
2855	0.060766	0.015230
2856	0.061771	0.013020
2857	0.061733	0.011669
2858	0.060804	0.014741
2859	0.058189	0.014060
2860	0.062344	0.012806
2861	0.067359	0.012692
2862	0.062786	0.013987
2863	0.063949	0.013004
2864	0.063027	0.015285
2865	0.060896	0.013852
2866	0.061116	0.011821
2867	0.062031	0.014024
2868	0.062653	0.014054
2869	0.061142	0.012783
2870	0.061086	0.013276
2871	0.062116	0.012869
2872	0.059883	0.011715
2873	0.062283	0.014317
2874	0.060366	0.012088
2875	0.060823	0.013059
2876	0.063322	0.012833
2877	0.062416	0.013919
2878	0.060886	0.011100
2879	0.064581	0.011246
2880	0.060133	0.011766
2881	0.064196	0.015335
2882	0.061703	0.013461
2883	0.062628	0.011948
2884	0.058021	0.013071
2885	0.060508	0.013047
2886	0.060621	0.015173
2887	0.061192	0.012786
2888	0.061359	0.013393
2889	0.063698	0.012638
2890	0.059921	0.011118
2891	0.061490	0.013115
2892	0.061499	0.011099
2893	0.064343	0.014976
2894	0.060130	0.013061
2895	0.061605	0.016325
2896	0.060909	0.014111
2897	0.058554	0.012430
2898	0.061358	0.013392
2899	0.059707	0.013591
2900	0.059717	0.013468
2901	0.059387	0.013458
2902	0.064091	0.014686
2903	0.061795	0.011646
2904	0.064149	0.014062
2905	0.060645	0.011871
2906	0.059577	0.012155
2907	0.059040	0.012971
2908	0.062906	0.011728
2909	0.063496	0.012599
2910	0.057887	0.012792
2911	0.063550	0.011181
2912	0.063556	0.014089
2913	0.062229	0.011138
2914	0.060746	0.012544
2915	0.060794	0.012479
2916	0.061565	0.013880
2917	0.062190	0.013322
2918	0.065737	0.012881
2919	0.060493	0.010397
2920	0.061167	0.015313
2921	0.057181	0.012174
2922	0.060729	0.013516
2923	0.063536	0.015115
2924	0.061906	0.014215
2925	0.060269	0.013207
2926	0.061858	0.012279
2927	0.063321	0.012149
2928	0.059673	0.012135
2929	0.059437	0.011559
2930	0.062150	0.013202
2931	0.063708	0.014073
2932	0.063468	0.013898
2933	0.061735	0.012620
2934	0.060370	0.013562
2935	0.060179	0.012632
2936	0.062870	0.013906
2937	0.061057	0.013526
2938	0.064177	0.013265
2939	0.062233	0.014689
2940	0.062517	0.014119
2941	0.062113	0.015512
2942	0.064615	0.014115
2943	0.063805	0.013642
2944	0.057641	0.016105
2945	0.060914	0.011868
2946	0.063425	0.012014
2947	0.061476	0.012141
2948	0.060659	0.012137
2949	0.059772	0.014546
2950	0.060924	0.013482
2951	0.059572	0.013660
2952	0.061507	0.012415
2953	0.062206	0.013706
2954	0.059418	0.012537
2955	0.063320	0.014714
2956	0.063869	0.012319
2957	0.064637	0.015116
2958	0.065476	0.015578
2959	0.059478	0.013326
2960	0.064611	0.014105
2961	0.063510	0.014097
2962	0.059749	0.012954
2963	0.064444	0.014926
2964	0.063884	0.014910
2965	0.060556	0.014198
2966	0.063783	0.014442
2967	0.059669	0.014652
2968	0.060556	0.016749
2969	0.060602	0.012078
2970	0.061469	0.012633
2971	0.060748	0.013225
2972	0.063737	0.014597
2973	0.060268	0.014771
2974	0.062978	0.014463
2975	0.062866	0.012835
2976	0.060599	0.012071
2977	0.062979	0.015612
2978	0.059233	0.013964
2979	0.060012	0.015631
2980	0.063418	0.013829
2981	0.064001	0.013472
2982	0.061272	0.014586
2983	0.060235	0.013754
2984	0.060194	0.015104
2985	0.059540	0.013534
2986	0.064433	0.016342
2987	0.064302	0.014261
2988	0.060704	0.013831
2989	0.059837	0.016218
2990	0.060648	0.014204
2991	0.062911	0.015539
2992	0.063093	0.013972
2993	0.063135	0.016134
2994	0.058913	0.014713
2995	0.061242	0.012321
2996	0.064253	0.016163
2997	0.060653	0.014884
2998	0.059366	0.014724
2999	0.061847	0.014374
3000	0.057302	0.013323
3001	0.063342	0.014776
3002	0.062658	0.014785
3003	0.060475	0.012300
3004	0.060951	0.012129
3005	0.062805	0.015351
3006	0.056618	0.013976
3007	0.060536	0.012104
3008	0.061705	0.013957
3009	0.059481	0.016764
3010	0.060866	0.015512
3011	0.063100	0.011954
3012	0.061585	0.014096
3013	0.058479	0.015113
3014	0.059513	0.015730
3015	0.062263	0.016162
3016	0.059171	0.014200
3017	0.062102	0.012733
3018	0.059675	0.014163
3019	0.064010	0.013235
3020	0.061304	0.014327
3021	0.061411	0.014501
3022	0.063129	0.015491
3023	0.061211	0.013088
3024	0.062382	0.013964
3025	0.061288	0.013947
3026	0.060501	0.013213
3027	0.060967	0.012772
3028	0.059433	0.016152
3029	0.061563	0.013695
3030	0.064175	0.016123
3031	0.060595	0.014245
3032	0.060927	0.014567
3033	0.060359	0.012361
3034	0.064375	0.014203
3035	0.062787	0.015305
3036	0.061558	0.014176
3037	0.060006	0.016234
3038	0.064379	0.013864
3039	0.057513	0.013734
3040	0.058802	0.012682
3041	0.059176	0.014732
3042	0.061060	0.015049
3043	0.060948	0.015637
3044	0.058526	0.013493
3045	0.057076	0.013743
3046	0.061647	0.014132
3047	0.057929	0.014813
3048	0.061050	0.013492
3049	0.058440	0.013413
3050	0.059951	0.013512
3051	0.057719	0.014295
3052	0.060981	0.012242
3053	0.059783	0.014735
3054	0.060162	0.012835
3055	0.062054	0.014515
3056	0.056911	0.013594
3057	0.058719	0.013291
3058	0.063219	0.012902
3059	0.061274	0.013054
3060	0.060169	0.014090
3061	0.057885	0.012668
3062	0.062190	0.012410
3063	0.059841	0.015429
3064	0.058120	0.013588
3065	0.059414	0.013128
3066	0.060898	0.012655
3067	0.060797	0.015239
3068	0.057859	0.012680
3069	0.060647	0.014344
3070	0.060845	0.012445
3071	0.061062	0.012042
3072	0.062625	0.013551
3073	0.060931	0.013212
3074	0.059776	0.012433
3075	0.060351	0.013895
3076	0.059401	0.013425
3077	0.063608	0.015404
3078	0.061826	0.015832
3079	0.057827	0.014501
3080	0.061410	0.013998
3081	0.061833	0.013373
3082	0.060092	0.013400
3083	0.063077	0.015509
3084	0.059888	0.014774
3085	0.064391	0.013768
3086	0.061614	0.016207
3087	0.062112	0.014307
3088	0.058932	0.017490
3089	0.062595	0.013400
3090	0.062183	0.016950
3091	0.061117	0.013434
3092	0.059725	0.014866
3093	0.060800	0.015544
3094	0.059718	0.013239
3095	0.061463	0.015254
3096	0.063702	0.015082
3097	0.059440	0.013884
3098	0.062390	0.014665
3099	0.063568	0.014408
3100	0.061463	0.016380
3101	0.062406	0.014815
3102	0.059250	0.013616
3103	0.058431	0.012224
3104	0.062007	0.013580
3105	0.060179	0.011941
3106	0.058937	0.013052
3107	0.061369	0.014947
3108	0.058360	0.014832
3109	0.064101	0.016327
3110	0.060825	0.013674
3111	0.059658	0.013226
3112	0.062997	0.014881
3113	0.061361	0.016308
3114	0.063198	0.015737
3115	0.059093	0.014635
3116	0.061817	0.015155
3117	0.062652	0.015080
3118	0.061807	0.014337
3119	0.062118	0.014343
3120	0.062135	0.012869
3121	0.062578	0.014650
3122	0.064858	0.014395
3123	0.059944	0.015449
3124	0.061596	0.013905
3125	0.057229	0.012411
3126	0.065947	0.016380
3127	0.062969	0.015564
3128	0.062205	0.012113
3129	0.062042	0.014040
3130	0.063622	0.013669
3131	0.063775	0.016350
3132	0.058282	0.011961
3133	0.061600	0.012727
3134	0.061708	0.014626
3135	0.061969	0.015031
3136	0.063773	0.014647
3137	0.059920	0.013504
3138	0.065347	0.014962
3139	0.065582	0.014808
3140	0.062470	0.014993
3141	0.059640	0.014374
3142	0.062076	0.013722
3143	0.061008	0.012666
3144	0.059411	0.014198
3145	0.062793	0.014370
3146	0.064994	0.012541
3147	0.062329	0.012909
3148	0.063083	0.014848
3149	0.062685	0.013093
3150	0.064659	0.016272
3151	0.058535	0.012492
3152	0.063007	0.016048
3153	0.059616	0.013689
3154	0.061442	0.014692
3155	0.062448	0.014645
3156	0.059765	0.011552
3157	0.062197	0.016136
3158	0.057810	0.013803
3159	0.060567	0.012662
3160	0.063085	0.013222
3161	0.060807	0.012855
3162	0.060958	0.014560
3163	0.060367	0.015060
3164	0.065572	0.012551
3165	0.060403	0.016397
3166	0.062646	0.015961
3167	0.059661	0.013898
3168	0.060266	0.015751
3169	0.058879	0.013573
3170	0.060779	0.013242
3171	0.060626	0.013175
3172	0.061843	0.015751
3173	0.060170	0.013601
3174	0.063006	0.013145
3175	0.062677	0.015789
3176	0.061159	0.015276
3177	0.060214	0.014954
3178	0.065078	0.015800
3179	0.064935	0.015140
3180	0.061149	0.012991
3181	0.061672	0.013001
3182	0.061844	0.012545
3183	0.061234	0.017148
3184	0.058478	0.013864
3185	0.061247	0.015019
3186	0.058044	0.014180
3187	0.063496	0.017264
3188	0.056864	0.015263
3189	0.061413	0.014531
3190	0.057424	0.014472
3191	0.063803	0.012889
3192	0.063977	0.014195
3193	0.061741	0.014982
3194	0.062428	0.014341
3195	0.063038	0.014049
3196	0.063625	0.013388
3197	0.062673	0.015052
3198	0.065467	0.018521
3199	0.059595	0.015532
3200	0.061737	0.013955
3201	0.062259	0.013579
3202	0.063186	0.014723
3203	0.061687	0.014498
3204	0.063344	0.016743
3205	0.059086	0.012491
3206	0.062840	0.014189
3207	0.066273	0.015741
3208	0.060814	0.015540
3209	0.058066	0.013506
3210	0.061852	0.013655
3211	0.063784	0.014378
3212	0.063518	0.015785
3213	0.060232	0.014211
3214	0.063122	0.014113
3215	0.060675	0.015553
3216	0.062865	0.015845
3217	0.061311	0.012962
3218	0.062093	0.016169
3219	0.059746	0.014320
3220	0.060828	0.014077
3221	0.062181	0.013626
3222	0.063870	0.015475
3223	0.064009	0.015106
3224	0.061275	0.014918
3225	0.064373	0.013322
3226	0.061865	0.014237
3227	0.060395	0.013353
3228	0.061441	0.015158
3229	0.064504	0.014520
3230	0.057598	0.012933
3231	0.062402	0.014865
3232	0.062623	0.013929
3233	0.065184	0.013652
3234	0.060329	0.013110
3235	0.063735	0.015272
3236	0.063175	0.013874
3237	0.060600	0.014499
3238	0.062288	0.017026
3239	0.062023	0.011907
3240	0.063271	0.014317
3241	0.062892	0.013424
3242	0.063712	0.012694
3243	0.065960	0.012767
3244	0.063340	0.012718
3245	0.060680	0.013923
3246	0.063677	0.012186
3247	0.064056	0.013006
3248	0.065294	0.014375
3249	0.063313	0.011736
3250	0.063484	0.015288
3251	0.062553	0.013942
3252	0.062428	0.010915
3253	0.061372	0.014733
3254	0.060667	0.013623
3255	0.064785	0.013209
3256	0.061909	0.014075
3257	0.058166	0.013569
3258	0.059105	0.014663
3259	0.061293	0.014190
3260	0.063428	0.013907
3261	0.058801	0.013833
3262	0.064253	0.011168
3263	0.061525	0.012087
3264	0.061564	0.016666
3265	0.062382	0.014123
3266	0.065845	0.015810
3267	0.057662	0.015274
3268	0.063430	0.014100
3269	0.062728	0.014567
3270	0.062732	0.012440
3271	0.061823	0.012766
3272	0.064335	0.014537
3273	0.062381	0.014252
3274	0.063189	0.015500
3275	0.060598	0.012754
3276	0.065332	0.014820
3277	0.061564	0.013113
3278	0.063323	0.013108
3279	0.060917	0.013387
3280	0.062628	0.014030
3281	0.062134	0.012851
3282	0.064390	0.012501
3283	0.063611	0.013839
3284	0.061061	0.013016
3285	0.060872	0.012807
3286	0.063404	0.015009
3287	0.063553	0.013577
3288	0.067578	0.015585
3289	0.061967	0.014404
3290	0.065759	0.012208
3291	0.063331	0.012902
3292	0.061753	0.011952
3293	0.065155	0.012889
3294	0.067056	0.013220
3295	0.063448	0.011579
3296	0.062826	0.014892
3297	0.062231	0.012063
3298	0.067707	0.013563
3299	0.062344	0.012132
3300	0.063964	0.011906
3301	0.064250	0.011235
3302	0.061755	0.013958
3303	0.065164	0.013958
3304	0.062843	0.011396
3305	0.067197	0.014963
3306	0.064139	0.013755
3307	0.063189	0.013334
3308	0.064310	0.013284
3309	0.063787	0.012585
3310	0.066484	0.015237
3311	0.061363	0.013201
3312	0.062691	0.014267
3313	0.063511	0.014821
3314	0.064442	0.013154
3315	0.066135	0.013101
3316	0.062973	0.014530
3317	0.064612	0.013293
3318	0.065488	0.013468
3319	0.062857	0.012590
3320	0.062701	0.013418
3321	0.063214	0.013690
3322	0.063531	0.011137
3323	0.064365	0.012899
3324	0.063700	0.013643
3325	0.064985	0.013341
3326	0.063156	0.012671
3327	0.063808	0.013875
3328	0.066378	0.013226
3329	0.064098	0.012274
3330	0.064372	0.013034
3331	0.062253	0.013537
3332	0.064217	0.013626
3333	0.064913	0.011792
3334	0.061617	0.012261
3335	0.066971	0.013965
3336	0.063971	0.015672
3337	0.064437	0.016043
3338	0.064233	0.013838
3339	0.063951	0.013933
3340	0.061576	0.015057
3341	0.064316	0.013281
3342	0.063293	0.013165
3343	0.065040	0.013910
3344	0.063010	0.013565
3345	0.064793	0.012229
3346	0.065440	0.015580
3347	0.066357	0.015319
3348	0.064408	0.011873
3349	0.066453	0.014018
3350	0.064455	0.012517
3351	0.065545	0.010709
3352	0.065933	0.012652
3353	0.060084	0.011520
3354	0.064782	0.012987
3355	0.064076	0.011099
3356	0.065228	0.011796
3357	0.065127	0.013450
3358	0.064956	0.013738
3359	0.063061	0.011469
3360	0.061191	0.013542
3361	0.062118	0.014216
3362	0.065063	0.011624
3363	0.065182	0.010891
3364	0.066190	0.013782
3365	0.066448	0.013092
3366	0.062556	0.012192
3367	0.063554	0.012170
3368	0.065198	0.012294
3369	0.063482	0.011409
3370	0.061864	0.012176
3371	0.064921	0.011135
3372	0.063744	0.010594
3373	0.059994	0.011448
3374	0.064356	0.012982
3375	0.065540	0.011087
3376	0.064288	0.012693
3377	0.063840	0.012010
3378	0.063598	0.013132
3379	0.064894	0.011823
3380	0.063894	0.013861
3381	0.062295	0.012194
3382	0.063088	0.012961
3383	0.064649	0.012726
3384	0.063232	0.011487
3385	0.064859	0.012320
3386	0.065209	0.014951
3387	0.062552	0.011860
3388	0.066312	0.009703
3389	0.065598	0.014066
3390	0.064836	0.012073
3391	0.066232	0.012285
3392	0.064793	0.014108
3393	0.063545	0.014061
3394	0.062220	0.014456
3395	0.064447	0.012641
3396	0.064373	0.012707
3397	0.065606	0.011341
3398	0.066891	0.012087
3399	0.064024	0.011704
3400	0.063681	0.011893
3401	0.064701	0.011868
3402	0.064175	0.014117
3403	0.066864	0.012264
3404	0.065568	0.013480
3405	0.066099	0.015284
3406	0.063772	0.011644
3407	0.064806	0.015186
3408	0.067123	0.014409
3409	0.064221	0.013076
3410	0.060769	0.010840
3411	0.064185	0.014246
3412	0.064961	0.012963
3413	0.064654	0.013024
3414	0.064339	0.013511
3415	0.067353	0.012806
3416	0.066432	0.012851
3417	0.062436	0.011744
3418	0.061169	0.012652
3419	0.063174	0.012743
3420	0.061701	0.011689
3421	0.066465	0.014114
3422	0.066828	0.014800
3423	0.066726	0.013742
3424	0.060713	0.014464
3425	0.063121	0.012027
3426	0.063695	0.012631
3427	0.064500	0.012438
3428	0.059618	0.011629
3429	0.062649	0.014796
3430	0.066394	0.014345
3431	0.058906	0.012284
3432	0.062582	0.013816
3433	0.059950	0.011330
3434	0.065019	0.010171
3435	0.063828	0.013209
3436	0.063812	0.014206
3437	0.061748	0.012949
3438	0.064480	0.013124
3439	0.064540	0.011065
3440	0.065348	0.015353
3441	0.064942	0.013960
3442	0.064692	0.015932
3443	0.063967	0.013320
3444	0.065237	0.016237
3445	0.063970	0.013782
3446	0.061463	0.014072
3447	0.064229	0.013952
3448	0.060850	0.011993
3449	0.061534	0.012296
3450	0.063969	0.011543
3451	0.064518	0.010935
3452	0.065476	0.013224
3453	0.062807	0.012817
3454	0.062304	0.013955
3455	0.060384	0.012876
3456	0.061496	0.014384
3457	0.062403	0.012188
3458	0.063435	0.015560
3459	0.063664	0.014584
3460	0.062307	0.012744
3461	0.060766	0.013727
3462	0.063517	0.013191
3463	0.062404	0.015634
3464	0.062147	0.014078
3465	0.059087	0.013500
3466	0.063841	0.012401
3467	0.061859	0.012813
3468	0.061229	0.014799
3469	0.061477	0.014932
3470	0.062999	0.011966
3471	0.064869	0.013846
3472	0.061203	0.011151
3473	0.063707	0.013586
3474	0.063484	0.012641
3475	0.062119	0.012998
3476	0.061115	0.010294
3477	0.062523	0.014822
3478	0.061040	0.014496
3479	0.062029	0.014058
3480	0.062138	0.011650
3481	0.062530	0.011869
3482	0.059984	0.012303
3483	0.065473	0.014864
3484	0.059657	0.011878
3485	0.065036	0.016056
3486	0.061758	0.016277
3487	0.064138	0.013516
3488	0.062918	0.013348
3489	0.061424	0.012409
3490	0.064912	0.013536
3491	0.062936	0.014661
3492	0.061496	0.011131
3493	0.063513	0.015394
3494	0.068776	0.015839
3495	0.063047	0.013305
3496	0.061584	0.012488
3497	0.065136	0.014099
3498	0.064656	0.014747
3499	0.065177	0.012184
3500	0.065448	0.012391
3501	0.060354	0.013374
3502	0.065382	0.013136
3503	0.062592	0.012107
3504	0.060016	0.014858
3505	0.063825	0.013155
3506	0.060663	0.011040
3507	0.063670	0.011814
3508	0.058948	0.014783
3509	0.062408	0.013545
3510	0.065651	0.012747
3511	0.064594	0.012592
3512	0.063233	0.013904
3513	0.060331	0.014737
3514	0.064439	0.013032
3515	0.062038	0.014642
3516	0.061863	0.012925
3517	0.062072	0.015339
3518	0.064833	0.017294
3519	0.061963	0.013597
3520	0.061007	0.013055
3521	0.060389	0.013654
3522	0.064107	0.014366
3523	0.064119	0.015529
3524	0.065343	0.013679
3525	0.064254	0.017149
3526	0.064363	0.014370
3527	0.063104	0.014378
3528	0.062457	0.014665
3529	0.060620	0.014059
3530	0.063758	0.015089
3531	0.060937	0.014070
3532	0.060184	0.013585
3533	0.064852	0.017450
3534	0.064109	0.015447
3535	0.064307	0.012713
3536	0.064071	0.014588
3537	0.062381	0.012712
3538	0.061961	0.015488
3539	0.064382	0.015055
3540	0.065224	0.013761
3541	0.063060	0.014393
3542	0.061658	0.014133
3543	0.062931	0.015845
3544	0.061275	0.014801
3545	0.062973	0.015019
3546	0.058350	0.011865
3547	0.063322	0.015302
3548	0.061486	0.015032
3549	0.061053	0.013321
3550	0.063457	0.015829
3551	0.061620	0.015133
3552	0.061035	0.012712
3553	0.063072	0.014611
3554	0.061414	0.012386
3555	0.062732	0.014777
3556	0.060983	0.015666
3557	0.060790	0.015468
3558	0.063938	0.015438
3559	0.060137	0.012635
3560	0.062398	0.013799
3561	0.062118	0.013785
3562	0.059604	0.015735
3563	0.062216	0.015273
3564	0.057496	0.013556
3565	0.061131	0.015427
3566	0.062162	0.012744
3567	0.063130	0.014192
3568	0.060653	0.014743
3569	0.062487	0.012131
3570	0.062645	0.013405
3571	0.062666	0.012251
3572	0.060945	0.015732
3573	0.062019	0.015911
3574	0.059887	0.014487
3575	0.058248	0.014687
3576	0.061727	0.014030
3577	0.061584	0.014684
3578	0.057467	0.011875
3579	0.062000	0.016373
3580	0.061889	0.011682
3581	0.060325	0.014246
3582	0.063172	0.015859
3583	0.064024	0.013143
3584	0.059968	0.013081
3585	0.061007	0.015362
3586	0.061656	0.014289
3587	0.060863	0.012389
3588	0.059800	0.013873
3589	0.059622	0.014489
3590	0.060420	0.014929
3591	0.062836	0.015068
3592	0.061743	0.016851
3593	0.058427	0.012275
3594	0.059919	0.014364
3595	0.061126	0.015392
3596	0.061624	0.012663
3597	0.063296	0.012342
3598	0.064044	0.015844
3599	0.065561	0.015362
3600	0.065645	0.016954
3601	0.059062	0.014498
3602	0.062212	0.015475
3603	0.062687	0.014696
3604	0.059585	0.014942
3605	0.060486	0.013916
3606	0.061358	0.014811
3607	0.061954	0.014577
3608	0.061721	0.017027
3609	0.060110	0.016161
3610	0.060996	0.016101
3611	0.059599	0.016162
3612	0.060132	0.014623
3613	0.059549	0.015220
3614	0.062286	0.015870
3615	0.057684	0.013452
3616	0.060693	0.015586
3617	0.058081	0.014517
3618	0.064557	0.015498
3619	0.060649	0.013902
3620	0.062951	0.015226
3621	0.059790	0.014240
3622	0.061056	0.016377
3623	0.064281	0.014071
3624	0.062260	0.013414
3625	0.061647	0.015596
3626	0.060532	0.014639
3627	0.059219	0.015042
3628	0.059659	0.014827
3629	0.061571	0.013802
3630	0.065694	0.017064
3631	0.060962	0.015040
3632	0.060408	0.014233
3633	0.062101	0.012756
3634	0.059543	0.015802
3635	0.059564	0.015503
3636	0.060603	0.014274
3637	0.062049	0.015315
3638	0.061606	0.016144
3639	0.061426	0.013762
3640	0.058830	0.014742
3641	0.062803	0.014843
3642	0.060488	0.015566
3643	0.060023	0.016441
3644	0.059198	0.013458
3645	0.062740	0.017031
3646	0.062386	0.014919
3647	0.061886	0.014506
3648	0.060145	0.015210
3649	0.061478	0.015525
3650	0.060928	0.016415
3651	0.062854	0.015912
3652	0.060272	0.011243
3653	0.062156	0.014588
3654	0.060096	0.015441
3655	0.063476	0.017651
3656	0.060542	0.014439
3657	0.063203	0.015455
3658	0.060400	0.016443
3659	0.064738	0.014095
3660	0.059441	0.011624
3661	0.062621	0.015841
3662	0.060027	0.013388
3663	0.059690	0.013681
3664	0.061839	0.013406
3665	0.061359	0.016478
3666	0.062731	0.013897
3667	0.060784	0.016136
3668	0.063755	0.015134
3669	0.061989	0.015674
3670	0.063862	0.012421
3671	0.062652	0.015701
3672	0.063068	0.014281
3673	0.064218	0.014389
3674	0.061786	0.012994
3675	0.058921	0.010848
3676	0.059652	0.014139
3677	0.061416	0.014438
3678	0.064170	0.013642
3679	0.062885	0.013298
3680	0.062055	0.014201
3681	0.060776	0.014113
3682	0.062033	0.015018
3683	0.064590	0.015187
3684	0.064177	0.017044
3685	0.061625	0.012433
3686	0.061228	0.014425
3687	0.061274	0.012919
3688	0.063209	0.015220
3689	0.060305	0.013614
3690	0.061765	0.013006
3691	0.062632	0.014538
3692	0.060066	0.015175
3693	0.059193	0.012951
3694	0.060490	0.013103
3695	0.061682	0.015157
3696	0.061973	0.012670
3697	0.059971	0.012792
3698	0.062240	0.012535
3699	0.064611	0.013218
3700	0.060640	0.011574
3701	0.059845	0.015593
3702	0.062650	0.014317
3703	0.062510	0.015033
3704	0.062765	0.015271
3705	0.057956	0.014499
3706	0.057135	0.013811
3707	0.060764	0.012549
3708	0.059729	0.014273
3709	0.059424	0.012261
3710	0.062069	0.015664
3711	0.061474	0.014783
3712	0.061459	0.016541
3713	0.061107	0.015321
3714	0.060421	0.017183
3715	0.057989	0.015264
3716	0.058727	0.015195
3717	0.061967	0.015171
3718	0.060943	0.013259
3719	0.063650	0.015636
3720	0.063660	0.015582
3721	0.063482	0.013747
3722	0.063718	0.014045
3723	0.063566	0.014747
3724	0.064983	0.014781
3725	0.063534	0.016701
3726	0.061989	0.015737
3727	0.060649	0.015558
3728	0.061527	0.014876
3729	0.063385	0.015629
3730	0.061309	0.013434
3731	0.062667	0.012797
3732	0.057943	0.013473
3733	0.062986	0.016589
3734	0.061122	0.015425
3735	0.063498	0.017282
3736	0.062910	0.014526
3737	0.062377	0.013386
3738	0.063876	0.015754
3739	0.065207	0.016828
3740	0.061003	0.016056
3741	0.060816	0.013863
3742	0.060243	0.015966
3743	0.060293	0.014863
3744	0.063760	0.017730
3745	0.063508	0.015713
3746	0.062351	0.013830
3747	0.062483	0.012541
3748	0.061622	0.013001
3749	0.063772	0.014839
3750	0.059400	0.015174
3751	0.061875	0.013561
3752	0.060995	0.015630
3753	0.061655	0.014524
3754	0.061793	0.014927
3755	0.065632	0.015634
3756	0.060246	0.013803
3757	0.062598	0.017506
3758	0.062184	0.012996
3759	0.060312	0.014238
3760	0.060582	0.014678
3761	0.062684	0.014260
3762	0.061929	0.014298
3763	0.062864	0.013727
3764	0.060069	0.014224
3765	0.059966	0.012133
3766	0.061232	0.013504
3767	0.061536	0.015246
3768	0.061516	0.012394
3769	0.058453	0.014574
3770	0.058538	0.014061
3771	0.060227	0.015109
3772	0.062446	0.012694
3773	0.063045	0.014058
3774	0.062722	0.013617
3775	0.060794	0.014005
3776	0.060397	0.014944
3777	0.060666	0.014498
3778	0.061783	0.014351
3779	0.058365	0.013492
3780	0.065083	0.014961
3781	0.059053	0.014780
3782	0.061709	0.014731
3783	0.061006	0.014738
3784	0.061414	0.013392
3785	0.057986	0.015013
3786	0.060891	0.012473
3787	0.059658	0.012165
3788	0.061517	0.015519
3789	0.060213	0.013895
3790	0.062033	0.013905
3791	0.063612	0.015184
3792	0.059512	0.014019
3793	0.061197	0.015325
3794	0.061571	0.013939
3795	0.061583	0.014436
3796	0.060551	0.015304
3797	0.060398	0.017357
3798	0.061452	0.013962
3799	0.061346	0.015883
3800	0.063430	0.018158
3801	0.061154	0.013556
3802	0.058435	0.015631
3803	0.062581	0.016348
3804	0.059904	0.015145
3805	0.060959	0.014395
3806	0.057455	0.015090
3807	0.061354	0.014909
3808	0.059809	0.014533
3809	0.057462	0.013771
3810	0.058314	0.014382
3811	0.063146	0.014628
3812	0.061862	0.014899
3813	0.062553	0.015349
3814	0.057516	0.012579
3815	0.056524	0.013758
3816	0.060169	0.012765
3817	0.062636	0.014429
3818	0.059273	0.012822
3819	0.061105	0.015620
3820	0.061215	0.013523
3821	0.060049	0.013815
3822	0.061435	0.012989
3823	0.060384	0.014990
3824	0.058597	0.014464
3825	0.059669	0.014018
3826	0.059989	0.011783
3827	0.060506	0.014086
3828	0.061562	0.015679
3829	0.059139	0.014468
3830	0.058719	0.013462
3831	0.061722	0.013075
3832	0.060073	0.013720
3833	0.058716	0.013712
3834	0.064419	0.014969
3835	0.061254	0.012542
3836	0.062457	0.017155
3837	0.061634	0.013175
3838	0.062857	0.016308
3839	0.061529	0.011907
3840	0.060074	0.012916
3841	0.058391	0.016159
3842	0.063746	0.016105
3843	0.064290	0.016841
3844	0.062187	0.014717
3845	0.063482	0.016880
3846	0.063807	0.016678
3847	0.061445	0.014063
3848	0.060780	0.013298
3849	0.063604	0.014582
3850	0.060186	0.013853
3851	0.058631	0.015165
3852	0.062483	0.016596
3853	0.061386	0.013086
3854	0.061735	0.014415
3855	0.059261	0.015106
3856	0.059240	0.013723
3857	0.063815	0.015229
3858	0.060412	0.015350
3859	0.060253	0.015178
3860	0.063483	0.015120
3861	0.060090	0.015870
3862	0.064313	0.014775
3863	0.061465	0.017425
3864	0.062910	0.015543
3865	0.062932	0.017871
3866	0.062383	0.015807
3867	0.059268	0.014786
3868	0.063631	0.014274
3869	0.060726	0.016162
3870	0.059332	0.015203
3871	0.061374	0.015780
3872	0.060100	0.015275
3873	0.062083	0.015334
3874	0.064608	0.018464
3875	0.062388	0.015451
3876	0.063169	0.017038
3877	0.059607	0.017708
3878	0.060933	0.017574
3879	0.061414	0.016355
3880	0.061753	0.018318
3881	0.066006	0.015680
3882	0.062173	0.014192
3883	0.062831	0.017101
3884	0.060833	0.016315
3885	0.062463	0.014528
3886	0.063017	0.018266
3887	0.061174	0.013964
3888	0.059343	0.015959
3889	0.056548	0.014738
3890	0.065590	0.017172
3891	0.062927	0.017129
3892	0.064494	0.016723
3893	0.064452	0.016829
3894	0.060975	0.014655
3895	0.064784	0.016624
3896	0.061358	0.017332
3897	0.061645	0.016298
3898	0.061312	0.014726
3899	0.065220	0.017387
3900	0.065204	0.016244
3901	0.062071	0.014936
3902	0.061689	0.016648
3903	0.064904	0.016923
3904	0.062582	0.015706
3905	0.062315	0.018576
3906	0.061579	0.018054
3907	0.061828	0.015658
3908	0.059098	0.014762
3909	0.060177	0.014236
3910	0.060286	0.016554
3911	0.062465	0.015376
3912	0.063646	0.016026
3913	0.062636	0.013501
3914	0.063705	0.017853
3915	0.059065	0.016324
3916	0.060494	0.015504
3917	0.063553	0.015291
3918	0.062226	0.017737
3919	0.063399	0.016014
3920	0.057081	0.014817
3921	0.059380	0.014457
3922	0.065067	0.016930
3923	0.063403	0.015118
3924	0.062223	0.016873
3925	0.060316	0.018068
3926	0.060812	0.014878
3927	0.062716	0.014306
3928	0.064397	0.017301
3929	0.061567	0.015986
3930	0.064552	0.016371
3931	0.064009	0.017137
3932	0.064234	0.016833
3933	0.058722	0.013384
3934	0.060752	0.015110
3935	0.060601	0.015686
3936	0.063735	0.013203
3937	0.059946	0.016567
3938	0.063266	0.016915
3939	0.061296	0.014732
3940	0.062258	0.017086
3941	0.061624	0.013367
3942	0.064665	0.016006
3943	0.063203	0.017257
3944	0.063181	0.016106
3945	0.063954	0.018020
3946	0.063539	0.015027
3947	0.062701	0.016578
3948	0.062433	0.015225
3949	0.061056	0.017417
3950	0.063701	0.018804
3951	0.063350	0.014741
3952	0.065255	0.017086
3953	0.062414	0.013747
3954	0.061689	0.017102
3955	0.063826	0.016002
3956	0.063191	0.016446
3957	0.060683	0.014682
3958	0.065152	0.015430
3959	0.061924	0.017038
3960	0.060527	0.015361
3961	0.066589	0.015793
3962	0.060479	0.015898
3963	0.062499	0.014979
3964	0.062080	0.014203
3965	0.060444	0.015674
3966	0.060932	0.013700
3967	0.061776	0.014162
3968	0.065133	0.017378
3969	0.062225	0.015028
3970	0.061753	0.016906
3971	0.065472	0.013986
3972	0.063601	0.015251
3973	0.064153	0.016707
3974	0.059705	0.015788
3975	0.059272	0.015098
3976	0.060103	0.016962
3977	0.059367	0.016059
3978	0.062848	0.012706
3979	0.061039	0.017792
3980	0.062329	0.014764
3981	0.058209	0.014651
3982	0.062682	0.016936
3983	0.062486	0.015874
3984	0.059130	0.013084
3985	0.062399	0.016534
3986	0.064869	0.017173
3987	0.064361	0.017084
3988	0.062965	0.019097
3989	0.063647	0.015525
3990	0.062298	0.015573
3991	0.064854	0.014973
3992	0.063571	0.014784
3993	0.063172	0.015525
3994	0.063182	0.016567
3995	0.066164	0.014895
3996	0.063885	0.017675
3997	0.063073	0.014300
3998	0.059658	0.012960
3999	0.060498	0.013533
4000	0.059542	0.016673
