#Tensor product hilbert space dimension: 4; Number of simulations: 10;
#Separable DMs were read from: /home/julio/Documents/my_projects/TFM/code/entanglement_2x2/input_data/received_from_DM/pure_states/separable.txt; Entangled DMs were read from: /home/julio/Documents/my_projects/TFM/code/entanglement_2x2/input_data/generated/pure_states/negativity_(0.1, 0.2).txt;
#Architecture of the MLP: [16, 8, 1]; Number of epochs: 2000; Fraction of DMs used for training: 0.8;
#Activation function in the hidden layers: relu; Activation function in the output layer: sigmoid; Loss function: binary_crossentropy;
#Batch size: 40; Test tolerance: 0.5; DMs were read with redundancy: False;
#Sucess rate averaged over every simulation and over every sample in the test set: 94.76250000000002%
#Sample standard deviation for averaged success rate: 0.14203308923451388%
#Same average success rate for supplementary tests: [0.67671, 0.9603650000000001, 0.9865450000000001, 0.987685, 0.9877300000000001, 0.9576800000000001, 0.9817950000000001, 0.983485, 0.983525, 0.983525]%
#Sample STD for averaged success rate in supplementary tests: [0.0024920731921434405, 0.0005335525641865046, 0.00028252990770889503, 0.00027412048217888936, 0.0002738108014669625, 0.0005238805970829602, 0.00034183899536184683, 0.0003317947238127697, 0.00033159270008551145, 0.00033159270008552814]%
#Epoch	Loss	Sample STD
1	0.690463	0.000428
2	0.682415	0.000568
3	0.673574	0.000954
4	0.665078	0.001229
5	0.657958	0.001490
6	0.651678	0.001815
7	0.646066	0.002321
8	0.640577	0.002891
9	0.634914	0.003519
10	0.628894	0.004223
11	0.622586	0.005021
12	0.615803	0.005836
13	0.608716	0.006714
14	0.601196	0.007675
15	0.593192	0.008625
16	0.584729	0.009590
17	0.575993	0.010581
18	0.566938	0.011500
19	0.557790	0.012344
20	0.548475	0.013163
21	0.538813	0.013934
22	0.529117	0.014716
23	0.519127	0.015449
24	0.508988	0.016183
25	0.498962	0.016919
26	0.489095	0.017591
27	0.479230	0.018297
28	0.469371	0.019071
29	0.459825	0.019796
30	0.450862	0.020550
31	0.442271	0.021226
32	0.433677	0.021835
33	0.425635	0.022523
34	0.418261	0.023058
35	0.410699	0.023556
36	0.403797	0.024084
37	0.397300	0.024512
38	0.390954	0.024817
39	0.385069	0.025171
40	0.379398	0.025451
41	0.373874	0.025707
42	0.368664	0.025914
43	0.363736	0.026147
44	0.359130	0.026359
45	0.354639	0.026452
46	0.350158	0.026518
47	0.345959	0.026665
48	0.341825	0.026822
49	0.338053	0.026942
50	0.334136	0.027009
51	0.330225	0.027014
52	0.326572	0.027157
53	0.323016	0.027228
54	0.319870	0.027280
55	0.316497	0.027310
56	0.313524	0.027384
57	0.310240	0.027461
58	0.307492	0.027497
59	0.304800	0.027379
60	0.301804	0.027518
61	0.299246	0.027470
62	0.296524	0.027497
63	0.293985	0.027451
64	0.291569	0.027467
65	0.289439	0.027549
66	0.287045	0.027513
67	0.284632	0.027512
68	0.282737	0.027542
69	0.280717	0.027480
70	0.278454	0.027509
71	0.276293	0.027539
72	0.274525	0.027499
73	0.272631	0.027495
74	0.270908	0.027475
75	0.269259	0.027403
76	0.267386	0.027446
77	0.265556	0.027405
78	0.264154	0.027416
79	0.262490	0.027260
80	0.260989	0.027320
81	0.259539	0.027336
82	0.257801	0.027262
83	0.256504	0.027179
84	0.254994	0.027128
85	0.253648	0.027152
86	0.252060	0.027197
87	0.251010	0.027135
88	0.249728	0.027046
89	0.248299	0.027159
90	0.247036	0.027008
91	0.245993	0.027079
92	0.244657	0.026961
93	0.243152	0.026962
94	0.242200	0.026978
95	0.241031	0.026943
96	0.240030	0.026989
97	0.239150	0.026832
98	0.237875	0.026789
99	0.236882	0.026708
100	0.236018	0.026797
101	0.234707	0.026710
102	0.233754	0.026804
103	0.233106	0.026672
104	0.232011	0.026534
105	0.231494	0.026650
106	0.230331	0.026571
107	0.229431	0.026578
108	0.228597	0.026527
109	0.227794	0.026547
110	0.226978	0.026486
111	0.226201	0.026404
112	0.225074	0.026447
113	0.224535	0.026415
114	0.223592	0.026413
115	0.222764	0.026428
116	0.221758	0.026287
117	0.221439	0.026283
118	0.220498	0.026250
119	0.219606	0.026266
120	0.219165	0.026266
121	0.218400	0.026250
122	0.217849	0.026204
123	0.217335	0.026153
124	0.216236	0.026156
125	0.215501	0.026046
126	0.215095	0.026047
127	0.214619	0.026076
128	0.213809	0.026086
129	0.213623	0.025919
130	0.212554	0.025926
131	0.211913	0.025938
132	0.211511	0.025936
133	0.210789	0.025881
134	0.210271	0.025818
135	0.209630	0.025721
136	0.209108	0.025801
137	0.208395	0.025679
138	0.207924	0.025705
139	0.207368	0.025659
140	0.206525	0.025604
141	0.206276	0.025603
142	0.205660	0.025477
143	0.204787	0.025628
144	0.204196	0.025526
145	0.204398	0.025321
146	0.203361	0.025275
147	0.202574	0.025269
148	0.202029	0.025184
149	0.201655	0.025105
150	0.201071	0.025052
151	0.200235	0.025054
152	0.199622	0.025007
153	0.199105	0.024900
154	0.199189	0.024928
155	0.198527	0.024810
156	0.197772	0.024735
157	0.197008	0.024855
158	0.196962	0.024698
159	0.196449	0.024697
160	0.195874	0.024810
161	0.195485	0.024753
162	0.195202	0.024653
163	0.194513	0.024639
164	0.193897	0.024706
165	0.193819	0.024591
166	0.193298	0.024505
167	0.192956	0.024508
168	0.192417	0.024526
169	0.191975	0.024450
170	0.191503	0.024399
171	0.191292	0.024369
172	0.191013	0.024371
173	0.190346	0.024319
174	0.190061	0.024301
175	0.189788	0.024341
176	0.189192	0.024298
177	0.188738	0.024227
178	0.188350	0.024268
179	0.187696	0.024232
180	0.187868	0.024226
181	0.187587	0.024186
182	0.187275	0.024183
183	0.187138	0.024110
184	0.186584	0.024171
185	0.186375	0.024137
186	0.185885	0.024103
187	0.185721	0.024105
188	0.185407	0.024144
189	0.184765	0.024069
190	0.184394	0.024086
191	0.184641	0.024043
192	0.183905	0.024115
193	0.183960	0.024032
194	0.183735	0.024068
195	0.182887	0.024009
196	0.182640	0.024041
197	0.182706	0.023922
198	0.182245	0.024034
199	0.182072	0.023894
200	0.181743	0.024012
201	0.181372	0.023974
202	0.181316	0.023795
203	0.180513	0.023998
204	0.180503	0.024037
205	0.180241	0.023879
206	0.180116	0.023902
207	0.179903	0.023902
208	0.179678	0.023845
209	0.179206	0.023769
210	0.178764	0.023795
211	0.178891	0.023711
212	0.178280	0.023778
213	0.178101	0.023785
214	0.177878	0.023620
215	0.177547	0.023729
216	0.177326	0.023795
217	0.177356	0.023690
218	0.176599	0.023679
219	0.176608	0.023681
220	0.176541	0.023693
221	0.176221	0.023779
222	0.175952	0.023582
223	0.175897	0.023628
224	0.175329	0.023532
225	0.175287	0.023594
226	0.175063	0.023624
227	0.174802	0.023489
228	0.174807	0.023659
229	0.174253	0.023549
230	0.174403	0.023625
231	0.174231	0.023705
232	0.174103	0.023625
233	0.173564	0.023533
234	0.173713	0.023492
235	0.173438	0.023598
236	0.173277	0.023542
237	0.172908	0.023560
238	0.172472	0.023561
239	0.172462	0.023548
240	0.172334	0.023441
241	0.172418	0.023610
242	0.171682	0.023523
243	0.171572	0.023466
244	0.171363	0.023478
245	0.171415	0.023494
246	0.171172	0.023485
247	0.171034	0.023394
248	0.170472	0.023452
249	0.170164	0.023438
250	0.170235	0.023424
251	0.169784	0.023408
252	0.170061	0.023312
253	0.169576	0.023405
254	0.169321	0.023504
255	0.169061	0.023384
256	0.168826	0.023422
257	0.168959	0.023384
258	0.168197	0.023266
259	0.168272	0.023251
260	0.167849	0.023298
261	0.167693	0.023289
262	0.167653	0.023213
263	0.167332	0.023362
264	0.167027	0.023204
265	0.167108	0.023287
266	0.166824	0.023212
267	0.166543	0.023292
268	0.166387	0.023213
269	0.166234	0.023220
270	0.165795	0.023188
271	0.166249	0.023227
272	0.165418	0.023223
273	0.164943	0.023115
274	0.165186	0.023252
275	0.165292	0.023148
276	0.164632	0.023201
277	0.164499	0.023136
278	0.164492	0.023086
279	0.164472	0.023125
280	0.163950	0.023192
281	0.163822	0.023055
282	0.163678	0.023030
283	0.163345	0.023054
284	0.163194	0.022976
285	0.163218	0.023078
286	0.162886	0.023053
287	0.162634	0.023132
288	0.162149	0.022953
289	0.162443	0.023079
290	0.162327	0.023039
291	0.161861	0.022974
292	0.161505	0.023073
293	0.161568	0.022989
294	0.161459	0.023102
295	0.161133	0.023027
296	0.161400	0.022927
297	0.160629	0.022977
298	0.160538	0.022970
299	0.160690	0.022868
300	0.160270	0.022970
301	0.160214	0.022809
302	0.160340	0.022956
303	0.159918	0.022986
304	0.159884	0.023037
305	0.159756	0.022984
306	0.159464	0.023000
307	0.159017	0.023028
308	0.159639	0.022873
309	0.158871	0.022949
310	0.158830	0.023056
311	0.158457	0.023015
312	0.158670	0.023009
313	0.158251	0.022852
314	0.158428	0.022919
315	0.158369	0.022914
316	0.157473	0.022870
317	0.157479	0.022811
318	0.157518	0.023009
319	0.157276	0.022963
320	0.157115	0.022980
321	0.157228	0.022918
322	0.156952	0.022966
323	0.156702	0.022795
324	0.156418	0.022926
325	0.156367	0.022822
326	0.156188	0.022898
327	0.156015	0.022911
328	0.155791	0.022895
329	0.155607	0.022802
330	0.155720	0.022927
331	0.155504	0.022826
332	0.155392	0.022835
333	0.155241	0.022875
334	0.155317	0.022876
335	0.154916	0.022827
336	0.154671	0.022925
337	0.154551	0.022824
338	0.154739	0.022760
339	0.154478	0.022754
340	0.154181	0.022826
341	0.154130	0.022851
342	0.153990	0.022820
343	0.154161	0.022841
344	0.153912	0.022910
345	0.153760	0.022847
346	0.153378	0.022816
347	0.153218	0.022835
348	0.152779	0.022840
349	0.153084	0.022774
350	0.152970	0.022848
351	0.152835	0.022848
352	0.152431	0.022797
353	0.152170	0.022815
354	0.151723	0.022795
355	0.152125	0.022697
356	0.152407	0.022720
357	0.152374	0.022722
358	0.151837	0.022798
359	0.151645	0.022805
360	0.151293	0.022733
361	0.151591	0.022672
362	0.151453	0.022836
363	0.151048	0.022808
364	0.151173	0.022827
365	0.151058	0.022723
366	0.150618	0.022780
367	0.150555	0.022819
368	0.150461	0.022816
369	0.150695	0.022818
370	0.150448	0.022782
371	0.150098	0.022730
372	0.150083	0.022729
373	0.150179	0.022836
374	0.149896	0.022878
375	0.149957	0.022852
376	0.150069	0.022898
377	0.149606	0.022814
378	0.149371	0.022895
379	0.149358	0.022769
380	0.149493	0.022862
381	0.149088	0.022761
382	0.149355	0.022821
383	0.149213	0.022846
384	0.149038	0.022854
385	0.148735	0.022834
386	0.148895	0.022781
387	0.148853	0.022772
388	0.148517	0.022778
389	0.148473	0.022875
390	0.148404	0.022821
391	0.148158	0.022819
392	0.147940	0.022919
393	0.147907	0.022712
394	0.147864	0.022875
395	0.147831	0.022934
396	0.147828	0.022851
397	0.147455	0.022928
398	0.147264	0.022815
399	0.147879	0.022781
400	0.147604	0.022832
401	0.147508	0.022793
402	0.147047	0.022852
403	0.146995	0.022802
404	0.147199	0.022847
405	0.146856	0.022790
406	0.147122	0.022860
407	0.146515	0.022977
408	0.146717	0.022923
409	0.146669	0.022818
410	0.146815	0.022900
411	0.146302	0.022912
412	0.146270	0.022917
413	0.146237	0.022794
414	0.145926	0.022893
415	0.145865	0.022864
416	0.145861	0.022783
417	0.145966	0.022899
418	0.145806	0.022884
419	0.145790	0.022809
420	0.145638	0.022787
421	0.145637	0.022878
422	0.145276	0.022832
423	0.145199	0.022848
424	0.144997	0.022788
425	0.145326	0.022754
426	0.145054	0.022782
427	0.144953	0.022829
428	0.144676	0.022850
429	0.144685	0.022793
430	0.144715	0.022834
431	0.144453	0.022788
432	0.144616	0.022779
433	0.144451	0.022937
434	0.144390	0.022873
435	0.144381	0.022814
436	0.144082	0.022872
437	0.143864	0.022790
438	0.144282	0.022806
439	0.144104	0.022931
440	0.144017	0.022770
441	0.143986	0.022773
442	0.143743	0.022804
443	0.143639	0.022854
444	0.143059	0.022815
445	0.143383	0.022888
446	0.143389	0.022771
447	0.143253	0.022868
448	0.143010	0.022823
449	0.143139	0.022915
450	0.142842	0.022938
451	0.142547	0.022913
452	0.143008	0.022851
453	0.142719	0.022787
454	0.142419	0.022904
455	0.142468	0.022826
456	0.142204	0.022919
457	0.142176	0.022841
458	0.142273	0.022855
459	0.141926	0.022751
460	0.141855	0.022772
461	0.141889	0.022769
462	0.141772	0.022892
463	0.141990	0.022813
464	0.141736	0.022847
465	0.141317	0.022810
466	0.141483	0.022874
467	0.141577	0.022859
468	0.141263	0.023030
469	0.141510	0.022838
470	0.141010	0.022831
471	0.141289	0.022875
472	0.141124	0.022873
473	0.140988	0.022879
474	0.140857	0.022870
475	0.140707	0.022885
476	0.140440	0.022853
477	0.140563	0.022919
478	0.140591	0.022927
479	0.140409	0.022822
480	0.140752	0.022803
481	0.140333	0.022846
482	0.140533	0.022882
483	0.140616	0.022822
484	0.139989	0.022857
485	0.140295	0.022934
486	0.140196	0.022948
487	0.140099	0.022844
488	0.140084	0.022904
489	0.139909	0.022913
490	0.139863	0.022958
491	0.140054	0.022830
492	0.139622	0.022957
493	0.139477	0.022872
494	0.139556	0.022809
495	0.139266	0.022943
496	0.139509	0.023020
497	0.139469	0.022862
498	0.139235	0.022837
499	0.139073	0.022839
500	0.139045	0.022813
501	0.139165	0.022976
502	0.138567	0.022884
503	0.138799	0.022886
504	0.138701	0.022950
505	0.138788	0.022845
506	0.138820	0.022880
507	0.138476	0.022893
508	0.138639	0.022882
509	0.138220	0.022893
510	0.138108	0.022810
511	0.138238	0.022766
512	0.137847	0.022908
513	0.138193	0.022800
514	0.137960	0.022896
515	0.138610	0.022873
516	0.137687	0.022866
517	0.138015	0.022902
518	0.137464	0.022865
519	0.137523	0.022881
520	0.137625	0.022970
521	0.137523	0.022922
522	0.137125	0.022909
523	0.136924	0.022963
524	0.137267	0.022857
525	0.137166	0.022886
526	0.137344	0.022808
527	0.137096	0.022908
528	0.136886	0.022892
529	0.136791	0.022784
530	0.136678	0.022833
531	0.136763	0.022867
532	0.136421	0.022923
533	0.136547	0.022876
534	0.136254	0.022883
535	0.136325	0.022934
536	0.136240	0.022964
537	0.135894	0.022926
538	0.136147	0.022971
539	0.135879	0.022906
540	0.135995	0.022831
541	0.135916	0.022942
542	0.135733	0.022967
543	0.135368	0.023020
544	0.135530	0.022875
545	0.135490	0.022954
546	0.135151	0.022908
547	0.135554	0.022915
548	0.135468	0.022838
549	0.135280	0.022951
550	0.135161	0.022961
551	0.134985	0.022906
552	0.135185	0.022864
553	0.135286	0.022804
554	0.134919	0.022902
555	0.134791	0.022888
556	0.135018	0.022952
557	0.134701	0.022977
558	0.134689	0.022928
559	0.134678	0.022853
560	0.134222	0.022834
561	0.134421	0.022820
562	0.134336	0.022901
563	0.134276	0.022730
564	0.133981	0.022887
565	0.134226	0.022858
566	0.134224	0.022883
567	0.133923	0.022947
568	0.133973	0.022919
569	0.133878	0.022926
570	0.133730	0.022879
571	0.133880	0.022946
572	0.133860	0.022909
573	0.133360	0.022899
574	0.133194	0.022879
575	0.133251	0.022894
576	0.133343	0.022787
577	0.133424	0.022860
578	0.133161	0.022746
579	0.133443	0.022962
580	0.133329	0.022860
581	0.133122	0.022684
582	0.132952	0.022900
583	0.133043	0.022811
584	0.132631	0.022965
585	0.132792	0.022900
586	0.132978	0.022900
587	0.132588	0.022850
588	0.132859	0.022802
589	0.132564	0.022852
590	0.132280	0.022840
591	0.132333	0.022823
592	0.132307	0.022881
593	0.132453	0.022842
594	0.132313	0.022845
595	0.132156	0.022812
596	0.132280	0.022792
597	0.132353	0.022749
598	0.132033	0.022793
599	0.131958	0.022778
600	0.132091	0.022740
601	0.131739	0.022745
602	0.131659	0.022716
603	0.131961	0.022887
604	0.131618	0.022737
605	0.131184	0.022691
606	0.131641	0.022784
607	0.131722	0.022707
608	0.131385	0.022724
609	0.131470	0.022706
610	0.131119	0.022674
611	0.131259	0.022780
612	0.131069	0.022782
613	0.131183	0.022779
614	0.130713	0.022762
615	0.130959	0.022798
616	0.130852	0.022718
617	0.130829	0.022717
618	0.130466	0.022683
619	0.130449	0.022729
620	0.130897	0.022795
621	0.130306	0.022649
622	0.130242	0.022679
623	0.130532	0.022665
624	0.130721	0.022658
625	0.130296	0.022751
626	0.130363	0.022649
627	0.130158	0.022741
628	0.130114	0.022692
629	0.130254	0.022754
630	0.129783	0.022556
631	0.130171	0.022527
632	0.129999	0.022630
633	0.130225	0.022634
634	0.129822	0.022704
635	0.129413	0.022665
636	0.129420	0.022503
637	0.129819	0.022615
638	0.129503	0.022720
639	0.129457	0.022565
640	0.129276	0.022536
641	0.129524	0.022592
642	0.129579	0.022646
643	0.129210	0.022534
644	0.129323	0.022517
645	0.129067	0.022664
646	0.129132	0.022566
647	0.128990	0.022613
648	0.128934	0.022624
649	0.129001	0.022550
650	0.128851	0.022558
651	0.128798	0.022563
652	0.128961	0.022568
653	0.128709	0.022585
654	0.128278	0.022477
655	0.128422	0.022629
656	0.128587	0.022563
657	0.128207	0.022465
658	0.128338	0.022639
659	0.128210	0.022509
660	0.128194	0.022584
661	0.128448	0.022671
662	0.127839	0.022625
663	0.127647	0.022691
664	0.128129	0.022560
665	0.127924	0.022543
666	0.127424	0.022600
667	0.127722	0.022527
668	0.127439	0.022606
669	0.127774	0.022597
670	0.127417	0.022640
671	0.127510	0.022582
672	0.127373	0.022556
673	0.127861	0.022618
674	0.127603	0.022586
675	0.127438	0.022658
676	0.127248	0.022568
677	0.127166	0.022623
678	0.127236	0.022539
679	0.127436	0.022468
680	0.126750	0.022575
681	0.127048	0.022528
682	0.126708	0.022555
683	0.126815	0.022644
684	0.126441	0.022652
685	0.126226	0.022630
686	0.126900	0.022624
687	0.126779	0.022581
688	0.126455	0.022687
689	0.126270	0.022549
690	0.126391	0.022559
691	0.126081	0.022597
692	0.126524	0.022556
693	0.126361	0.022508
694	0.126164	0.022698
695	0.126369	0.022533
696	0.125915	0.022628
697	0.126332	0.022631
698	0.126220	0.022544
699	0.125889	0.022596
700	0.125761	0.022643
701	0.125876	0.022648
702	0.125405	0.022584
703	0.125711	0.022605
704	0.125808	0.022580
705	0.125409	0.022627
706	0.125565	0.022618
707	0.125584	0.022661
708	0.125521	0.022605
709	0.125583	0.022531
710	0.125463	0.022553
711	0.125482	0.022485
712	0.125472	0.022583
713	0.125377	0.022544
714	0.125384	0.022614
715	0.125272	0.022543
716	0.125437	0.022682
717	0.125258	0.022654
718	0.125194	0.022568
719	0.124919	0.022709
720	0.125137	0.022536
721	0.124796	0.022564
722	0.124816	0.022485
723	0.124757	0.022708
724	0.124855	0.022594
725	0.124721	0.022658
726	0.124240	0.022714
727	0.124319	0.022590
728	0.124412	0.022631
729	0.124725	0.022513
730	0.124476	0.022614
731	0.124528	0.022545
732	0.124920	0.022569
733	0.124429	0.022544
734	0.124280	0.022629
735	0.124350	0.022494
736	0.124247	0.022586
737	0.124360	0.022571
738	0.124100	0.022565
739	0.124009	0.022606
740	0.124502	0.022614
741	0.124239	0.022646
742	0.124299	0.022517
743	0.123994	0.022569
744	0.124314	0.022589
745	0.124199	0.022639
746	0.123607	0.022652
747	0.123761	0.022601
748	0.124019	0.022558
749	0.124464	0.022595
750	0.123708	0.022558
751	0.123873	0.022542
752	0.123517	0.022532
753	0.124008	0.022567
754	0.123921	0.022658
755	0.123656	0.022699
756	0.123843	0.022676
757	0.123807	0.022634
758	0.123451	0.022634
759	0.123778	0.022667
760	0.123447	0.022694
761	0.123642	0.022564
762	0.123394	0.022584
763	0.123652	0.022674
764	0.123219	0.022583
765	0.123076	0.022562
766	0.123321	0.022668
767	0.123067	0.022713
768	0.123389	0.022633
769	0.123218	0.022640
770	0.123183	0.022681
771	0.123150	0.022640
772	0.122657	0.022680
773	0.122893	0.022752
774	0.122807	0.022702
775	0.122950	0.022722
776	0.123041	0.022706
777	0.122393	0.022780
778	0.122918	0.022706
779	0.123032	0.022717
780	0.122603	0.022652
781	0.122558	0.022718
782	0.122667	0.022830
783	0.122935	0.022710
784	0.122428	0.022734
785	0.122594	0.022804
786	0.122593	0.022694
787	0.122458	0.022788
788	0.122816	0.022775
789	0.122710	0.022691
790	0.121981	0.022777
791	0.122385	0.022820
792	0.122528	0.022765
793	0.122333	0.022889
794	0.122380	0.022592
795	0.122016	0.022830
796	0.122282	0.022830
797	0.122013	0.022737
798	0.121925	0.022728
799	0.122111	0.022859
800	0.122157	0.022798
801	0.122101	0.022700
802	0.121974	0.022895
803	0.121470	0.022745
804	0.121556	0.022779
805	0.121522	0.022775
806	0.121776	0.022810
807	0.121757	0.022881
808	0.121506	0.022770
809	0.121571	0.022850
810	0.121499	0.022754
811	0.121245	0.022848
812	0.121677	0.022950
813	0.121303	0.022909
814	0.121602	0.022844
815	0.121250	0.022792
816	0.121376	0.022792
817	0.121178	0.022855
818	0.121504	0.022877
819	0.121108	0.022852
820	0.120966	0.022817
821	0.121174	0.022907
822	0.121250	0.022939
823	0.121026	0.022905
824	0.120789	0.022911
825	0.121163	0.022997
826	0.120772	0.022871
827	0.120514	0.022948
828	0.120697	0.022835
829	0.120508	0.022992
830	0.120486	0.022985
831	0.120678	0.023082
832	0.120371	0.023043
833	0.120570	0.022958
834	0.120617	0.022949
835	0.120528	0.022959
836	0.120196	0.022980
837	0.120476	0.022832
838	0.120512	0.022963
839	0.120315	0.023076
840	0.120218	0.023051
841	0.120429	0.022952
842	0.119822	0.023054
843	0.120146	0.023020
844	0.120170	0.023009
845	0.120082	0.022949
846	0.119948	0.023071
847	0.120104	0.023074
848	0.119792	0.023021
849	0.119865	0.022992
850	0.119882	0.023128
851	0.119816	0.023065
852	0.120015	0.023156
853	0.119681	0.023168
854	0.119648	0.023071
855	0.119409	0.023135
856	0.119572	0.023003
857	0.119541	0.023083
858	0.119690	0.023087
859	0.119647	0.023060
860	0.119219	0.023144
861	0.119179	0.023133
862	0.119265	0.023093
863	0.118998	0.023054
864	0.119252	0.023113
865	0.119219	0.023205
866	0.119572	0.023050
867	0.119083	0.023223
868	0.119060	0.023103
869	0.119241	0.023038
870	0.119096	0.023053
871	0.119484	0.023183
872	0.118927	0.023084
873	0.118976	0.023162
874	0.118695	0.023106
875	0.118675	0.023084
876	0.118731	0.023187
877	0.118826	0.023107
878	0.118911	0.023138
879	0.118663	0.023233
880	0.118806	0.023205
881	0.118855	0.023118
882	0.118877	0.023100
883	0.118806	0.023100
884	0.118275	0.023055
885	0.118560	0.023258
886	0.118376	0.023090
887	0.118295	0.023136
888	0.118744	0.023121
889	0.118549	0.023140
890	0.118544	0.023098
891	0.118668	0.023090
892	0.118389	0.023024
893	0.118350	0.023062
894	0.118132	0.023032
895	0.117954	0.023042
896	0.118102	0.022957
897	0.118050	0.023006
898	0.117917	0.022983
899	0.117949	0.023008
900	0.117942	0.022893
901	0.117692	0.022976
902	0.117751	0.022946
903	0.117600	0.022842
904	0.117583	0.022894
905	0.117632	0.022805
906	0.117654	0.022768
907	0.117734	0.022781
908	0.117565	0.022881
909	0.117847	0.022809
910	0.117147	0.022762
911	0.117242	0.022627
912	0.117320	0.022770
913	0.117609	0.022798
914	0.117014	0.022590
915	0.117394	0.022725
916	0.116877	0.022650
917	0.116875	0.022674
918	0.117166	0.022652
919	0.117125	0.022686
920	0.116823	0.022691
921	0.116661	0.022519
922	0.116759	0.022560
923	0.116641	0.022625
924	0.116729	0.022536
925	0.116964	0.022471
926	0.116709	0.022527
927	0.116358	0.022515
928	0.116269	0.022594
929	0.116526	0.022545
930	0.116103	0.022457
931	0.116822	0.022359
932	0.116289	0.022611
933	0.116313	0.022502
934	0.116428	0.022515
935	0.116195	0.022435
936	0.116136	0.022514
937	0.116437	0.022366
938	0.116141	0.022479
939	0.116360	0.022376
940	0.116257	0.022387
941	0.116553	0.022318
942	0.115925	0.022489
943	0.115855	0.022327
944	0.115861	0.022392
945	0.116259	0.022371
946	0.115957	0.022347
947	0.115630	0.022373
948	0.115630	0.022411
949	0.115716	0.022371
950	0.115613	0.022314
951	0.115635	0.022466
952	0.115475	0.022404
953	0.115575	0.022279
954	0.115558	0.022268
955	0.115632	0.022347
956	0.115241	0.022218
957	0.115360	0.022337
958	0.115296	0.022201
959	0.115035	0.022206
960	0.114675	0.022251
961	0.115497	0.022282
962	0.115064	0.022271
963	0.115182	0.022302
964	0.115009	0.022151
965	0.114936	0.022255
966	0.115266	0.022193
967	0.115259	0.022265
968	0.114955	0.022192
969	0.114910	0.022247
970	0.114811	0.022217
971	0.114924	0.022208
972	0.115062	0.022184
973	0.115089	0.022177
974	0.114814	0.022134
975	0.114951	0.022227
976	0.114809	0.022031
977	0.114432	0.022109
978	0.114523	0.022148
979	0.114800	0.022057
980	0.114405	0.022118
981	0.114658	0.022060
982	0.114688	0.021957
983	0.114291	0.022107
984	0.114349	0.022024
985	0.114099	0.022110
986	0.114317	0.022033
987	0.114340	0.021980
988	0.114476	0.021954
989	0.114623	0.022003
990	0.113912	0.022039
991	0.114056	0.022007
992	0.113863	0.022010
993	0.113841	0.021987
994	0.114351	0.022062
995	0.113575	0.022015
996	0.114107	0.021931
997	0.114201	0.022043
998	0.114050	0.021960
999	0.114361	0.021966
1000	0.114109	0.021800
1001	0.113994	0.021930
1002	0.113791	0.021889
1003	0.113783	0.022002
1004	0.113747	0.021931
1005	0.113620	0.021850
1006	0.114080	0.021903
1007	0.113523	0.021799
1008	0.113516	0.021870
1009	0.113470	0.021806
1010	0.113462	0.021849
1011	0.113205	0.021702
1012	0.113278	0.021699
1013	0.113648	0.021779
1014	0.113315	0.021809
1015	0.113283	0.021738
1016	0.112834	0.021710
1017	0.113311	0.021724
1018	0.112847	0.021775
1019	0.112876	0.021663
1020	0.112964	0.021673
1021	0.113218	0.021740
1022	0.112962	0.021703
1023	0.112867	0.021733
1024	0.112935	0.021637
1025	0.113046	0.021723
1026	0.112815	0.021686
1027	0.112711	0.021634
1028	0.112753	0.021635
1029	0.112829	0.021761
1030	0.112319	0.021716
1031	0.112679	0.021608
1032	0.112166	0.021580
1033	0.112540	0.021694
1034	0.112617	0.021594
1035	0.113022	0.021484
1036	0.112352	0.021599
1037	0.112219	0.021524
1038	0.111976	0.021548
1039	0.112239	0.021486
1040	0.112353	0.021615
1041	0.112425	0.021397
1042	0.112499	0.021544
1043	0.112429	0.021529
1044	0.112270	0.021534
1045	0.112510	0.021446
1046	0.112550	0.021386
1047	0.111930	0.021452
1048	0.112075	0.021457
1049	0.112312	0.021455
1050	0.112020	0.021496
1051	0.112243	0.021503
1052	0.112423	0.021483
1053	0.111961	0.021494
1054	0.112018	0.021406
1055	0.112151	0.021378
1056	0.111998	0.021405
1057	0.111792	0.021314
1058	0.111945	0.021354
1059	0.112026	0.021311
1060	0.112032	0.021299
1061	0.112188	0.021360
1062	0.111895	0.021288
1063	0.112005	0.021431
1064	0.111880	0.021382
1065	0.111948	0.021332
1066	0.111666	0.021386
1067	0.111275	0.021421
1068	0.111601	0.021275
1069	0.111761	0.021246
1070	0.111506	0.021282
1071	0.111426	0.021274
1072	0.111293	0.021386
1073	0.111485	0.021150
1074	0.111376	0.021357
1075	0.111709	0.021195
1076	0.110997	0.021310
1077	0.110990	0.021371
1078	0.111531	0.021176
1079	0.110976	0.021283
1080	0.111524	0.021305
1081	0.111238	0.021294
1082	0.111320	0.021269
1083	0.111354	0.021141
1084	0.111008	0.021263
1085	0.110908	0.021214
1086	0.111171	0.021216
1087	0.111418	0.021165
1088	0.110889	0.021151
1089	0.110844	0.021118
1090	0.111046	0.021225
1091	0.110861	0.021256
1092	0.111062	0.021077
1093	0.110900	0.021213
1094	0.111169	0.021201
1095	0.110850	0.021142
1096	0.110832	0.021192
1097	0.110798	0.021155
1098	0.110800	0.021115
1099	0.110713	0.021215
1100	0.110816	0.021183
1101	0.110635	0.020977
1102	0.110843	0.021159
1103	0.110591	0.021194
1104	0.110405	0.021133
1105	0.110799	0.021120
1106	0.110213	0.021107
1107	0.110701	0.021110
1108	0.110338	0.021064
1109	0.110289	0.021129
1110	0.110044	0.021182
1111	0.110413	0.021178
1112	0.110622	0.021073
1113	0.110172	0.021023
1114	0.110453	0.021075
1115	0.110447	0.021072
1116	0.110555	0.021015
1117	0.110439	0.021039
1118	0.110249	0.021124
1119	0.110072	0.021002
1120	0.110451	0.021071
1121	0.110368	0.021054
1122	0.110256	0.021094
1123	0.110297	0.020991
1124	0.110323	0.021021
1125	0.110019	0.021056
1126	0.109968	0.021031
1127	0.110162	0.020998
1128	0.110210	0.021084
1129	0.110404	0.020924
1130	0.110102	0.021006
1131	0.110208	0.020979
1132	0.110183	0.021014
1133	0.110108	0.021064
1134	0.109960	0.021031
1135	0.109920	0.021027
1136	0.109792	0.021068
1137	0.109855	0.021016
1138	0.110017	0.021014
1139	0.109771	0.020949
1140	0.110219	0.020957
1141	0.109772	0.021023
1142	0.109760	0.021024
1143	0.109956	0.021063
1144	0.109863	0.020976
1145	0.109295	0.021071
1146	0.109605	0.021030
1147	0.109299	0.020937
1148	0.109661	0.021034
1149	0.109669	0.020920
1150	0.109506	0.021074
1151	0.109726	0.020946
1152	0.109462	0.021079
1153	0.109624	0.020905
1154	0.109778	0.021016
1155	0.109500	0.020983
1156	0.109231	0.020935
1157	0.109880	0.021025
1158	0.109244	0.020889
1159	0.109748	0.021006
1160	0.109453	0.020984
1161	0.108835	0.021112
1162	0.109850	0.020852
1163	0.109036	0.020945
1164	0.109451	0.020868
1165	0.109240	0.020877
1166	0.109499	0.020933
1167	0.109177	0.020982
1168	0.109167	0.020901
1169	0.109352	0.020941
1170	0.108866	0.020971
1171	0.109408	0.020858
1172	0.109399	0.020933
1173	0.109137	0.020941
1174	0.109052	0.020912
1175	0.108618	0.020931
1176	0.109208	0.020872
1177	0.109308	0.020930
1178	0.108864	0.020914
1179	0.108915	0.020991
1180	0.109109	0.020731
1181	0.108529	0.020925
1182	0.108987	0.020924
1183	0.108713	0.020885
1184	0.108990	0.020891
1185	0.108830	0.020875
1186	0.108896	0.020782
1187	0.108887	0.020959
1188	0.108905	0.020937
1189	0.109178	0.020893
1190	0.108769	0.020908
1191	0.108909	0.020724
1192	0.108589	0.020773
1193	0.108529	0.020867
1194	0.108928	0.020841
1195	0.108822	0.020836
1196	0.108636	0.020887
1197	0.108823	0.020880
1198	0.108336	0.020771
1199	0.108683	0.020884
1200	0.109135	0.020820
1201	0.108779	0.020862
1202	0.108638	0.020869
1203	0.108920	0.020832
1204	0.108596	0.020758
1205	0.108748	0.020697
1206	0.108690	0.020834
1207	0.108437	0.020709
1208	0.108579	0.020752
1209	0.108427	0.020729
1210	0.108526	0.020632
1211	0.108672	0.020835
1212	0.108434	0.020845
1213	0.108387	0.020727
1214	0.108560	0.020718
1215	0.108394	0.020885
1216	0.108794	0.020804
1217	0.108290	0.020797
1218	0.108402	0.020752
1219	0.108664	0.020613
1220	0.108529	0.020707
1221	0.108565	0.020709
1222	0.108320	0.020733
1223	0.108158	0.020776
1224	0.108599	0.020599
1225	0.108052	0.020691
1226	0.108543	0.020599
1227	0.108209	0.020560
1228	0.107782	0.020578
1229	0.107888	0.020707
1230	0.108048	0.020616
1231	0.108392	0.020675
1232	0.107932	0.020600
1233	0.108092	0.020664
1234	0.108278	0.020586
1235	0.108152	0.020665
1236	0.107797	0.020636
1237	0.108493	0.020600
1238	0.107984	0.020604
1239	0.107900	0.020528
1240	0.108322	0.020507
1241	0.108003	0.020568
1242	0.107521	0.020535
1243	0.107863	0.020452
1244	0.107880	0.020525
1245	0.107767	0.020582
1246	0.107605	0.020433
1247	0.107835	0.020520
1248	0.107960	0.020496
1249	0.107917	0.020617
1250	0.108002	0.020593
1251	0.107437	0.020425
1252	0.107828	0.020560
1253	0.107788	0.020534
1254	0.108329	0.020506
1255	0.107283	0.020439
1256	0.107808	0.020477
1257	0.107974	0.020440
1258	0.107869	0.020547
1259	0.107672	0.020501
1260	0.107997	0.020445
1261	0.107692	0.020451
1262	0.107740	0.020470
1263	0.107620	0.020566
1264	0.107790	0.020364
1265	0.107324	0.020465
1266	0.107636	0.020437
1267	0.107719	0.020448
1268	0.107789	0.020403
1269	0.107779	0.020447
1270	0.107786	0.020494
1271	0.107248	0.020426
1272	0.107306	0.020430
1273	0.107547	0.020484
1274	0.107240	0.020445
1275	0.107411	0.020521
1276	0.107527	0.020353
1277	0.107754	0.020514
1278	0.107637	0.020397
1279	0.107103	0.020460
1280	0.107379	0.020520
1281	0.107563	0.020472
1282	0.107473	0.020431
1283	0.107187	0.020387
1284	0.107361	0.020413
1285	0.107360	0.020415
1286	0.107277	0.020431
1287	0.107515	0.020453
1288	0.107587	0.020448
1289	0.107615	0.020390
1290	0.107212	0.020361
1291	0.107578	0.020468
1292	0.107360	0.020412
1293	0.107498	0.020401
1294	0.107260	0.020502
1295	0.107434	0.020427
1296	0.106889	0.020372
1297	0.107438	0.020382
1298	0.107137	0.020463
1299	0.107370	0.020389
1300	0.107190	0.020357
1301	0.106924	0.020405
1302	0.107095	0.020274
1303	0.106773	0.020374
1304	0.106997	0.020416
1305	0.107197	0.020430
1306	0.106862	0.020422
1307	0.106846	0.020363
1308	0.106725	0.020404
1309	0.106734	0.020359
1310	0.107081	0.020299
1311	0.106803	0.020406
1312	0.107070	0.020369
1313	0.106925	0.020232
1314	0.107106	0.020372
1315	0.106765	0.020351
1316	0.106913	0.020354
1317	0.106973	0.020361
1318	0.107139	0.020367
1319	0.106718	0.020341
1320	0.107129	0.020485
1321	0.106614	0.020426
1322	0.107301	0.020362
1323	0.106719	0.020298
1324	0.107187	0.020329
1325	0.106749	0.020313
1326	0.106729	0.020353
1327	0.106528	0.020375
1328	0.106741	0.020443
1329	0.106764	0.020326
1330	0.106776	0.020248
1331	0.107053	0.020413
1332	0.107058	0.020261
1333	0.106964	0.020371
1334	0.106559	0.020289
1335	0.106402	0.020264
1336	0.106418	0.020349
1337	0.106515	0.020306
1338	0.106647	0.020402
1339	0.106770	0.020358
1340	0.106476	0.020261
1341	0.106738	0.020345
1342	0.106364	0.020378
1343	0.106637	0.020324
1344	0.106737	0.020390
1345	0.106564	0.020425
1346	0.106681	0.020340
1347	0.106398	0.020377
1348	0.106358	0.020295
1349	0.106646	0.020203
1350	0.106678	0.020354
1351	0.106398	0.020417
1352	0.106347	0.020259
1353	0.106227	0.020259
1354	0.106283	0.020331
1355	0.106367	0.020356
1356	0.106457	0.020358
1357	0.106312	0.020335
1358	0.106655	0.020243
1359	0.106392	0.020321
1360	0.106073	0.020406
1361	0.106235	0.020299
1362	0.106635	0.020192
1363	0.106803	0.020364
1364	0.106336	0.020273
1365	0.106207	0.020299
1366	0.106417	0.020292
1367	0.105814	0.020351
1368	0.106324	0.020466
1369	0.106721	0.020129
1370	0.106556	0.020254
1371	0.106571	0.020188
1372	0.105946	0.020279
1373	0.106064	0.020310
1374	0.106151	0.020307
1375	0.106235	0.020208
1376	0.106279	0.020318
1377	0.105874	0.020274
1378	0.106104	0.020189
1379	0.106272	0.020236
1380	0.106320	0.020219
1381	0.106162	0.020284
1382	0.106329	0.020353
1383	0.106253	0.020224
1384	0.105792	0.020255
1385	0.106067	0.020267
1386	0.106224	0.020311
1387	0.106243	0.020322
1388	0.106265	0.020248
1389	0.105848	0.020340
1390	0.105962	0.020163
1391	0.106474	0.020316
1392	0.106277	0.020127
1393	0.105797	0.020266
1394	0.105727	0.020375
1395	0.106259	0.020304
1396	0.105857	0.020292
1397	0.106403	0.020234
1398	0.106411	0.020309
1399	0.105884	0.020236
1400	0.105887	0.020335
1401	0.106309	0.020212
1402	0.106013	0.020269
1403	0.105689	0.020351
1404	0.105834	0.020301
1405	0.105711	0.020315
1406	0.105610	0.020317
1407	0.105788	0.020295
1408	0.105812	0.020175
1409	0.105934	0.020239
1410	0.105822	0.020272
1411	0.105993	0.020239
1412	0.105825	0.020298
1413	0.105573	0.020366
1414	0.105664	0.020331
1415	0.105706	0.020367
1416	0.105905	0.020318
1417	0.105791	0.020293
1418	0.105949	0.020229
1419	0.105847	0.020357
1420	0.105440	0.020265
1421	0.105831	0.020366
1422	0.105252	0.020355
1423	0.105739	0.020245
1424	0.105596	0.020196
1425	0.105546	0.020245
1426	0.106046	0.020260
1427	0.105702	0.020241
1428	0.105700	0.020323
1429	0.105929	0.020275
1430	0.105619	0.020288
1431	0.105747	0.020310
1432	0.105604	0.020284
1433	0.105415	0.020369
1434	0.105682	0.020387
1435	0.105830	0.020154
1436	0.105559	0.020392
1437	0.105696	0.020311
1438	0.105921	0.020281
1439	0.105870	0.020247
1440	0.105491	0.020303
1441	0.105689	0.020424
1442	0.105995	0.020362
1443	0.105647	0.020403
1444	0.105490	0.020330
1445	0.105495	0.020301
1446	0.105632	0.020361
1447	0.105484	0.020209
1448	0.105622	0.020208
1449	0.105707	0.020246
1450	0.106001	0.020196
1451	0.105494	0.020353
1452	0.105312	0.020334
1453	0.105463	0.020245
1454	0.105266	0.020397
1455	0.105812	0.020261
1456	0.105600	0.020314
1457	0.105523	0.020381
1458	0.105717	0.020249
1459	0.105574	0.020340
1460	0.105479	0.020371
1461	0.105098	0.020353
1462	0.105621	0.020240
1463	0.105516	0.020340
1464	0.105362	0.020271
1465	0.105256	0.020359
1466	0.105405	0.020229
1467	0.105658	0.020380
1468	0.105476	0.020290
1469	0.105404	0.020382
1470	0.105519	0.020256
1471	0.105413	0.020348
1472	0.105302	0.020243
1473	0.105233	0.020411
1474	0.105387	0.020224
1475	0.104957	0.020252
1476	0.105693	0.020306
1477	0.105087	0.020352
1478	0.104966	0.020224
1479	0.105652	0.020258
1480	0.105368	0.020355
1481	0.105478	0.020262
1482	0.105448	0.020370
1483	0.105261	0.020267
1484	0.105357	0.020246
1485	0.105755	0.020425
1486	0.105384	0.020356
1487	0.105193	0.020320
1488	0.105297	0.020289
1489	0.105119	0.020252
1490	0.105399	0.020279
1491	0.105257	0.020349
1492	0.104954	0.020305
1493	0.105364	0.020288
1494	0.104982	0.020338
1495	0.105425	0.020348
1496	0.105107	0.020324
1497	0.105029	0.020261
1498	0.104964	0.020261
1499	0.105218	0.020222
1500	0.104843	0.020203
1501	0.105387	0.020270
1502	0.105215	0.020279
1503	0.104926	0.020296
1504	0.105109	0.020248
1505	0.105077	0.020274
1506	0.104874	0.020277
1507	0.105344	0.020208
1508	0.104887	0.020281
1509	0.105222	0.020366
1510	0.104834	0.020310
1511	0.105112	0.020324
1512	0.104972	0.020313
1513	0.105187	0.020384
1514	0.105043	0.020316
1515	0.105234	0.020283
1516	0.104919	0.020291
1517	0.104957	0.020324
1518	0.105028	0.020315
1519	0.105229	0.020292
1520	0.105095	0.020338
1521	0.105212	0.020383
1522	0.105111	0.020330
1523	0.104882	0.020323
1524	0.105105	0.020221
1525	0.105118	0.020317
1526	0.104814	0.020388
1527	0.104716	0.020297
1528	0.104822	0.020332
1529	0.104482	0.020234
1530	0.104983	0.020322
1531	0.104960	0.020229
1532	0.104723	0.020321
1533	0.104748	0.020372
1534	0.105394	0.020387
1535	0.104633	0.020370
1536	0.104309	0.020365
1537	0.104988	0.020368
1538	0.104930	0.020306
1539	0.104835	0.020315
1540	0.104778	0.020251
1541	0.104526	0.020309
1542	0.104759	0.020331
1543	0.104827	0.020373
1544	0.104881	0.020294
1545	0.104627	0.020459
1546	0.104809	0.020361
1547	0.104607	0.020391
1548	0.104932	0.020366
1549	0.104786	0.020301
1550	0.104663	0.020256
1551	0.104611	0.020381
1552	0.104908	0.020275
1553	0.104830	0.020256
1554	0.105030	0.020349
1555	0.105334	0.020265
1556	0.104796	0.020235
1557	0.104793	0.020204
1558	0.104931	0.020394
1559	0.104966	0.020249
1560	0.104754	0.020314
1561	0.104870	0.020280
1562	0.104109	0.020423
1563	0.104670	0.020350
1564	0.104266	0.020299
1565	0.104628	0.020334
1566	0.104890	0.020353
1567	0.104501	0.020495
1568	0.104773	0.020359
1569	0.104781	0.020297
1570	0.104272	0.020352
1571	0.104602	0.020264
1572	0.104527	0.020384
1573	0.104548	0.020362
1574	0.104660	0.020321
1575	0.104142	0.020385
1576	0.104664	0.020415
1577	0.104636	0.020335
1578	0.104516	0.020256
1579	0.104360	0.020300
1580	0.104632	0.020317
1581	0.104539	0.020180
1582	0.104827	0.020261
1583	0.104172	0.020389
1584	0.104235	0.020328
1585	0.104126	0.020344
1586	0.104762	0.020380
1587	0.104339	0.020284
1588	0.104574	0.020222
1589	0.104410	0.020342
1590	0.104199	0.020260
1591	0.104784	0.020488
1592	0.104498	0.020414
1593	0.104669	0.020268
1594	0.104172	0.020364
1595	0.104664	0.020303
1596	0.104118	0.020318
1597	0.104572	0.020256
1598	0.104244	0.020274
1599	0.104271	0.020248
1600	0.104253	0.020480
1601	0.104349	0.020327
1602	0.104697	0.020275
1603	0.103997	0.020446
1604	0.104131	0.020367
1605	0.104313	0.020290
1606	0.104511	0.020229
1607	0.104399	0.020408
1608	0.104363	0.020133
1609	0.104077	0.020383
1610	0.104398	0.020284
1611	0.104232	0.020427
1612	0.104342	0.020263
1613	0.103840	0.020274
1614	0.104456	0.020350
1615	0.104203	0.020319
1616	0.104340	0.020330
1617	0.104264	0.020304
1618	0.104359	0.020335
1619	0.104104	0.020398
1620	0.104035	0.020364
1621	0.104469	0.020361
1622	0.104272	0.020367
1623	0.103881	0.020308
1624	0.104178	0.020439
1625	0.104387	0.020150
1626	0.103839	0.020365
1627	0.104206	0.020257
1628	0.103903	0.020462
1629	0.103758	0.020354
1630	0.104420	0.020442
1631	0.103911	0.020267
1632	0.103822	0.020387
1633	0.103979	0.020211
1634	0.103484	0.020276
1635	0.103822	0.020431
1636	0.104507	0.020388
1637	0.104046	0.020389
1638	0.103661	0.020335
1639	0.103844	0.020400
1640	0.103990	0.020418
1641	0.103894	0.020286
1642	0.103663	0.020246
1643	0.103867	0.020293
1644	0.103918	0.020212
1645	0.103676	0.020317
1646	0.104123	0.020396
1647	0.103418	0.020333
1648	0.104385	0.020350
1649	0.103937	0.020319
1650	0.104201	0.020430
1651	0.103927	0.020443
1652	0.103660	0.020314
1653	0.103919	0.020437
1654	0.103822	0.020379
1655	0.103899	0.020364
1656	0.104082	0.020370
1657	0.103568	0.020252
1658	0.103977	0.020214
1659	0.104006	0.020387
1660	0.104128	0.020377
1661	0.104130	0.020386
1662	0.103615	0.020334
1663	0.104159	0.020384
1664	0.103829	0.020296
1665	0.103756	0.020341
1666	0.103739	0.020431
1667	0.103470	0.020371
1668	0.103744	0.020345
1669	0.103670	0.020350
1670	0.103517	0.020263
1671	0.103984	0.020473
1672	0.103770	0.020168
1673	0.103509	0.020354
1674	0.103596	0.020366
1675	0.103607	0.020266
1676	0.103543	0.020388
1677	0.103585	0.020332
1678	0.103608	0.020411
1679	0.103859	0.020374
1680	0.103596	0.020301
1681	0.103597	0.020363
1682	0.103700	0.020375
1683	0.103628	0.020294
1684	0.103694	0.020286
1685	0.104028	0.020375
1686	0.103511	0.020332
1687	0.103279	0.020264
1688	0.103364	0.020320
1689	0.103569	0.020288
1690	0.103595	0.020213
1691	0.103354	0.020351
1692	0.103411	0.020419
1693	0.103417	0.020300
1694	0.103259	0.020431
1695	0.103310	0.020230
1696	0.103445	0.020314
1697	0.103546	0.020301
1698	0.103791	0.020447
1699	0.103144	0.020375
1700	0.103396	0.020414
1701	0.103454	0.020347
1702	0.103724	0.020373
1703	0.103504	0.020291
1704	0.103157	0.020396
1705	0.103696	0.020314
1706	0.103884	0.020277
1707	0.103261	0.020384
1708	0.103542	0.020391
1709	0.103349	0.020406
1710	0.103442	0.020326
1711	0.103320	0.020330
1712	0.103640	0.020338
1713	0.103297	0.020364
1714	0.103024	0.020348
1715	0.103065	0.020391
1716	0.103302	0.020363
1717	0.103552	0.020327
1718	0.103165	0.020399
1719	0.103163	0.020384
1720	0.103312	0.020400
1721	0.103114	0.020355
1722	0.103086	0.020358
1723	0.103350	0.020418
1724	0.103247	0.020276
1725	0.103348	0.020291
1726	0.103010	0.020343
1727	0.102912	0.020364
1728	0.103705	0.020245
1729	0.103211	0.020260
1730	0.103676	0.020316
1731	0.103083	0.020387
1732	0.103227	0.020280
1733	0.102627	0.020369
1734	0.103174	0.020388
1735	0.103158	0.020373
1736	0.103104	0.020203
1737	0.103125	0.020319
1738	0.102804	0.020342
1739	0.103369	0.020335
1740	0.103037	0.020475
1741	0.102830	0.020367
1742	0.103060	0.020413
1743	0.103176	0.020343
1744	0.102907	0.020444
1745	0.102960	0.020415
1746	0.103618	0.020234
1747	0.103023	0.020426
1748	0.103152	0.020385
1749	0.103027	0.020371
1750	0.103298	0.020276
1751	0.103016	0.020372
1752	0.103218	0.020326
1753	0.102841	0.020332
1754	0.102712	0.020285
1755	0.102694	0.020407
1756	0.102769	0.020253
1757	0.102926	0.020309
1758	0.103190	0.020325
1759	0.102808	0.020375
1760	0.102844	0.020400
1761	0.102980	0.020230
1762	0.102922	0.020433
1763	0.102808	0.020382
1764	0.102908	0.020429
1765	0.103064	0.020274
1766	0.102681	0.020385
1767	0.102925	0.020387
1768	0.103024	0.020450
1769	0.103250	0.020244
1770	0.102908	0.020338
1771	0.102784	0.020426
1772	0.102921	0.020313
1773	0.102958	0.020333
1774	0.102636	0.020268
1775	0.102643	0.020347
1776	0.102700	0.020346
1777	0.102813	0.020445
1778	0.102720	0.020282
1779	0.103069	0.020264
1780	0.102491	0.020295
1781	0.102947	0.020204
1782	0.102887	0.020338
1783	0.102900	0.020332
1784	0.102712	0.020403
1785	0.103025	0.020258
1786	0.102476	0.020330
1787	0.102935	0.020237
1788	0.102836	0.020317
1789	0.102808	0.020322
1790	0.102619	0.020286
1791	0.102432	0.020296
1792	0.102628	0.020415
1793	0.102701	0.020355
1794	0.102413	0.020315
1795	0.103047	0.020345
1796	0.103134	0.020376
1797	0.102942	0.020151
1798	0.102676	0.020231
1799	0.102700	0.020387
1800	0.101951	0.020368
1801	0.102653	0.020328
1802	0.102494	0.020215
1803	0.102613	0.020297
1804	0.102396	0.020351
1805	0.102665	0.020317
1806	0.102950	0.020294
1807	0.102622	0.020388
1808	0.102370	0.020395
1809	0.102304	0.020460
1810	0.102388	0.020305
1811	0.102482	0.020485
1812	0.102488	0.020400
1813	0.102767	0.020336
1814	0.102402	0.020330
1815	0.102902	0.020502
1816	0.102594	0.020296
1817	0.102495	0.020271
1818	0.102404	0.020400
1819	0.102178	0.020297
1820	0.102375	0.020432
1821	0.102434	0.020375
1822	0.102185	0.020407
1823	0.102515	0.020303
1824	0.102243	0.020327
1825	0.102596	0.020381
1826	0.102636	0.020352
1827	0.102630	0.020245
1828	0.102192	0.020433
1829	0.102201	0.020212
1830	0.102641	0.020261
1831	0.102277	0.020330
1832	0.102454	0.020395
1833	0.102135	0.020369
1834	0.102312	0.020232
1835	0.102268	0.020355
1836	0.102277	0.020334
1837	0.102396	0.020439
1838	0.102314	0.020315
1839	0.102739	0.020478
1840	0.102259	0.020372
1841	0.101960	0.020301
1842	0.102052	0.020323
1843	0.102108	0.020337
1844	0.102109	0.020338
1845	0.102292	0.020298
1846	0.102118	0.020223
1847	0.102484	0.020430
1848	0.102534	0.020234
1849	0.102571	0.020310
1850	0.101496	0.020424
1851	0.102116	0.020351
1852	0.102187	0.020440
1853	0.102265	0.020390
1854	0.102264	0.020329
1855	0.101495	0.020457
1856	0.101878	0.020394
1857	0.102226	0.020312
1858	0.102326	0.020450
1859	0.102103	0.020384
1860	0.101854	0.020424
1861	0.101945	0.020382
1862	0.102175	0.020210
1863	0.102333	0.020504
1864	0.101755	0.020447
1865	0.102135	0.020442
1866	0.102335	0.020454
1867	0.102149	0.020375
1868	0.101997	0.020363
1869	0.102187	0.020279
1870	0.101897	0.020402
1871	0.101590	0.020419
1872	0.102192	0.020366
1873	0.101831	0.020395
1874	0.101852	0.020255
1875	0.101472	0.020364
1876	0.101827	0.020455
1877	0.101741	0.020400
1878	0.101660	0.020464
1879	0.101672	0.020422
1880	0.101477	0.020407
1881	0.101525	0.020489
1882	0.101696	0.020507
1883	0.101754	0.020441
1884	0.101267	0.020455
1885	0.101295	0.020393
1886	0.101762	0.020599
1887	0.101064	0.020536
1888	0.101390	0.020451
1889	0.101425	0.020500
1890	0.101370	0.020454
1891	0.101439	0.020390
1892	0.101493	0.020373
1893	0.101651	0.020399
1894	0.101227	0.020399
1895	0.101532	0.020369
1896	0.101619	0.020411
1897	0.101326	0.020332
1898	0.101601	0.020470
1899	0.101428	0.020369
1900	0.101480	0.020379
1901	0.101453	0.020451
1902	0.101007	0.020460
1903	0.101404	0.020396
1904	0.101033	0.020496
1905	0.101333	0.020354
1906	0.101262	0.020416
1907	0.101428	0.020495
1908	0.101617	0.020446
1909	0.101282	0.020325
1910	0.101401	0.020408
1911	0.101240	0.020422
1912	0.101100	0.020480
1913	0.101201	0.020499
1914	0.100968	0.020367
1915	0.100978	0.020386
1916	0.101469	0.020481
1917	0.100856	0.020509
1918	0.101162	0.020450
1919	0.101249	0.020292
1920	0.101327	0.020481
1921	0.101003	0.020464
1922	0.101113	0.020495
1923	0.101379	0.020396
1924	0.101252	0.020453
1925	0.101130	0.020577
1926	0.101199	0.020425
1927	0.100515	0.020502
1928	0.101163	0.020473
1929	0.101293	0.020442
1930	0.100921	0.020533
1931	0.101203	0.020443
1932	0.101491	0.020658
1933	0.101113	0.020417
1934	0.100817	0.020478
1935	0.101190	0.020479
1936	0.101085	0.020416
1937	0.101112	0.020512
1938	0.100744	0.020463
1939	0.100902	0.020499
1940	0.100681	0.020417
1941	0.101117	0.020428
1942	0.101095	0.020420
1943	0.100892	0.020472
1944	0.101153	0.020453
1945	0.100684	0.020492
1946	0.101050	0.020426
1947	0.101018	0.020513
1948	0.100775	0.020608
1949	0.101063	0.020491
1950	0.101000	0.020497
1951	0.100939	0.020415
1952	0.100755	0.020466
1953	0.101064	0.020509
1954	0.101166	0.020398
1955	0.100821	0.020537
1956	0.100978	0.020574
1957	0.100797	0.020473
1958	0.100950	0.020482
1959	0.100635	0.020368
1960	0.100687	0.020400
1961	0.100533	0.020531
1962	0.100560	0.020499
1963	0.100784	0.020464
1964	0.100581	0.020484
1965	0.100470	0.020546
1966	0.101004	0.020399
1967	0.100666	0.020533
1968	0.100336	0.020460
1969	0.100996	0.020439
1970	0.100483	0.020401
1971	0.100628	0.020378
1972	0.100797	0.020551
1973	0.101036	0.020425
1974	0.100574	0.020494
1975	0.100996	0.020446
1976	0.100441	0.020490
1977	0.100421	0.020449
1978	0.100460	0.020510
1979	0.100994	0.020414
1980	0.100563	0.020412
1981	0.100650	0.020449
1982	0.100858	0.020537
1983	0.100295	0.020388
1984	0.100449	0.020402
1985	0.100594	0.020454
1986	0.100834	0.020433
1987	0.100769	0.020445
1988	0.100596	0.020469
1989	0.100701	0.020497
1990	0.100582	0.020443
1991	0.100543	0.020501
1992	0.100248	0.020519
1993	0.100960	0.020499
1994	0.100581	0.020542
1995	0.100362	0.020511
1996	0.100411	0.020516
1997	0.100577	0.020417
1998	0.100577	0.020442
1999	0.100387	0.020575
2000	0.100596	0.020487
